time,cpu_usage,memory_usage
0,0.014418336484105558,0.01975593291240447
1,0.015908939119475995,0.023058294821177213
2,0.016066014975892117,0.024084642745489156
3,0.016537119303788,0.024586259827156166
4,0.01796622982778364,0.024651289846627525
5,0.01785388267658697,0.024434588588745216
6,0.017112051452644012,0.024637496705357056
7,0.017113262172044025,0.02398140105912981
8,0.017330161871003894,0.023615805614854535
9,0.01803328511153379,0.02362720305233193
10,0.0173220523196579,0.023782886888513655
11,0.017648925601691658,0.024415702898053893
12,0.017439300494486755,0.024583306189612082
13,0.017242445410060734,0.024357098110338198
14,0.016102242331425116,0.02410935575576542
15,0.01545323561666347,0.024112178989007086
16,0.016046264988251298,0.02418440289257506
17,0.01643737315512144,0.02436629646642037
18,0.015273518597308623,0.024231602061533034
19,0.015416570506940126,0.02433570138027688
20,0.01589159370362328,0.02404833631595621
21,0.014983455846306457,0.02293552058311502
22,0.014135563124740963,0.021828585931872726
23,0.014643890109636005,0.022808985922998855
24,0.01389740662402182,0.021983079125085337
25,0.01347789729558008,0.022050589758175636
26,0.014043730170106305,0.022342776687873097
27,0.013676972279212376,0.021469577823293524
28,0.013259533253433644,0.021895405865371982
29,0.013277125325536076,0.022144970874992616
30,0.014045684057765021,0.023554117548697004
31,0.014284318596020378,0.02308299130896984
32,0.0138020579946974,0.02229945440618998
33,0.013999829503112205,0.02250809655576767
34,0.015142181327631243,0.0231476775801991
35,0.014988903943720594,0.02343758052605711
36,0.014042395298813721,0.023082170385553925
37,0.01447931894524036,0.02376433978386275
38,0.013915490590802897,0.023269844519331943
39,0.013697598847663422,0.023733413588288736
40,0.013640714619066706,0.02349822512263303
41,0.013582501051753222,0.023388356139367357
42,0.014468734561801097,0.02404897255601222
43,0.013962610176937878,0.02379134455603882
44,0.013717967212845813,0.02320788617439441
45,0.014684479165790675,0.02352002443898386
46,0.01457073083338943,0.023936910257026375
47,0.014530338307774074,0.024048109434791107
48,0.013792456075715349,0.023799267006706003
49,0.013713664296512235,0.023365684638046176
50,0.013577972809948984,0.023563752371148165
51,0.013151296075762521,0.023851129436706725
52,0.012941273882308717,0.02329074278590917
53,0.013529525672425652,0.02265047916768357
54,0.013319233051840748,0.022414350105336
55,0.013628876349954877,0.022538489332000318
56,0.012929083171127651,0.021991694866296034
57,0.011867479643783015,0.021942351172636834
58,0.01106932008165695,0.021739060831677284
59,0.011086454033295058,0.022674100832436563
60,0.011350250778705039,0.02319317227910595
61,0.012503728358800112,0.02347436459453625
62,0.012531627501612332,0.023184889938545623
63,0.012077255996995346,0.023441191653559266
64,0.012447758340445805,0.02343963742290026
65,0.012624030995519005,0.02323284110546359
66,0.012781249103554698,0.022708747650235592
67,0.012734827056270858,0.02253048835927898
68,0.01279634676333088,0.02337120277827901
69,0.012688435943074635,0.0233739798585536
70,0.012082671641746815,0.023311607746097866
71,0.01320175470323252,0.02301481408635065
72,0.01426054222886875,0.02336557428322818
73,0.013978476653618377,0.02261850315575041
74,0.014732093784413812,0.023162350922276132
75,0.013931592290570173,0.022365033691604606
76,0.015577481942368094,0.0204505524908465
77,0.016523442204456923,0.02091574145833527
78,0.016734490680520873,0.021084757027084764
79,0.016680815311740725,0.02070220515505943
80,0.016359836446674117,0.020909528153938064
81,0.016403109173464363,0.021498220483910098
82,0.016284242256600988,0.02132525293171375
83,0.016013441698818305,0.021474592153205487
84,0.015692408704042923,0.02181287453535939
85,0.015981010297510232,0.02206383603321228
86,0.01579773957945427,0.020973307128045272
87,0.015602420484149497,0.021233278221800038
88,0.014760244462107996,0.019568896787413182
89,0.0160675980178006,0.019659751105497916
90,0.016408498826207006,0.021325903738532815
91,0.01748331161941147,0.02128963680408829
92,0.017711748328237954,0.02045567557424928
93,0.017189338992189964,0.021030396491759654
94,0.016746248614498877,0.021549202208191776
95,0.016271366170503454,0.02168627334365507
96,0.01593497344970278,0.021900819172601508
97,0.016281661223541327,0.021790324044033717
98,0.01639284420827579,0.021830911462566195
99,0.016488219496900363,0.02202240865238684
100,0.01641893948649107,0.02192349669240542
101,0.01612077596493058,0.021457259041391567
102,0.015703739210005115,0.0211597197710677
103,0.01577533648912267,0.021174319333431675
104,0.015960974253504585,0.02102530665763143
105,0.015587727676276926,0.02086009009511636
106,0.015283922606398563,0.020909093149662092
107,0.01452828352340471,0.01926341138986313
108,0.013716837127009699,0.018724071475909168
109,0.015433489443995673,0.02038540917872966
110,0.018840662734135292,0.022205791065008522
111,0.02016345169076602,0.022150995447938974
112,0.020305105513129487,0.022159601576050774
113,0.020385154451710196,0.022199889193335834
114,0.018993955071415315,0.02287485515461664
115,0.016774463005730437,0.023381260532031257
116,0.015878026830488896,0.023176760360546684
117,0.015511732070182083,0.02234147805341112
118,0.01563143206440273,0.0220865575913851
119,0.015962939063064507,0.02280737424367022
120,0.015373724638195866,0.022221392600757835
121,0.01599353442661481,0.022075865440427334
122,0.015534787075017244,0.022362883748544195
123,0.016104623355077625,0.023533895294632314
124,0.016161988948648648,0.024357656602878412
125,0.016083318279033077,0.02438234094860092
126,0.016234931812357068,0.024899317794117925
127,0.016459702969593322,0.025153975377324965
128,0.01617616399230542,0.024923407848544007
129,0.016561802436095337,0.024882735015949335
130,0.016618783225197782,0.024554384937273997
131,0.017227362546050465,0.025992250557049512
132,0.017469341084896714,0.026966050900311747
133,0.018409211570701706,0.026805808907080283
134,0.019929679023379228,0.026411314136723478
135,0.0204671185695149,0.02613025015375227
136,0.019898951837477794,0.025134728546253263
137,0.01956900765437301,0.025039821695188764
138,0.019229702684892058,0.025032823748271368
139,0.018176714546555554,0.02260981668106744
140,0.01986840544839482,0.02450525433698591
141,0.018577580347683396,0.024910430916502458
142,0.018863048369819464,0.02460026586568542
143,0.020008498151003043,0.025693417853096666
144,0.020737362135598035,0.02568036928010805
145,0.021292232631981267,0.02609108784946384
146,0.0208811371839667,0.0255140970025214
147,0.020851114848634823,0.02593845576489895
148,0.01884070850250654,0.023858486468971415
149,0.02098735728946553,0.025019933102774245
150,0.02401842672884617,0.027319664594854826
151,0.026468960505942885,0.028492234373332374
152,0.0235566991745953,0.028232262361438946
153,0.01805294567011555,0.02250578532307395
154,0.01755345996458055,0.020851971727382925
155,0.018223445749332292,0.021077538476972482
156,0.019042054492614965,0.022546291700773772
157,0.019528716975623625,0.023154971639453927
158,0.01965682190523841,0.023281365440985313
159,0.018468512504563557,0.021334060319353643
160,0.02035196084081785,0.02280397621542012
161,0.020961378614959333,0.023676716612544852
162,0.019507617380564272,0.02330950464547773
163,0.018867120701707502,0.023545067972914283
164,0.01855799910752029,0.024111383210723373
165,0.018430066139291438,0.023872018409955356
166,0.017729041062465846,0.023250214475833808
167,0.017750924390034614,0.022979515219290148
168,0.01832171289935246,0.023577059258733275
169,0.017565526310392893,0.023747046550485682
170,0.01715505721607372,0.023955479627916547
171,0.016388160353573992,0.0229053407845138
172,0.01723793489891423,0.023001746335282146
173,0.017582862043106523,0.02268553607240931
174,0.017700326156717003,0.02296164703875149
175,0.018273498539939245,0.023672609786371375
176,0.018650429750997115,0.023488262559719673
177,0.018288981983823,0.022996589543580782
178,0.017766944563985036,0.022280874011101157
179,0.01862433995724514,0.022657711176432956
180,0.018714864054986888,0.022664985992111433
181,0.018934027054567176,0.022991280611231603
182,0.01907554415383204,0.023310842972421926
183,0.01883960391001227,0.023505309185484765
184,0.0188647305989707,0.02345280068816812
185,0.01895899632611229,0.02316675697945118
186,0.0182064291335044,0.022312510055661892
187,0.01781181920584814,0.02242917336095005
188,0.018967629821543444,0.02309269135420793
189,0.018637369880832932,0.021523412120761105
190,0.01849893906271819,0.02018575768808435
191,0.020529903810319716,0.0212955370927468
192,0.021912272116544666,0.022654540622033644
193,0.020556854062044792,0.021838777217112672
194,0.02000208471723642,0.021303967120316885
195,0.02072372112679741,0.02198289172046656
196,0.022125412064777934,0.023723299152399836
197,0.023012500244449917,0.02402235338061089
198,0.022516542264579907,0.024751048322780005
199,0.022538890103556725,0.024672846971687847
200,0.021493076865861646,0.023529803849889244
201,0.02121609755055581,0.023246257664360812
202,0.021297418357842438,0.02372808569466641
203,0.02200643583108363,0.02366440484338693
204,0.021939535060720966,0.023239439026253084
205,0.0221739542431204,0.023915753982844665
206,0.022903261028768968,0.024840698873434878
207,0.023569829573923118,0.025322162073732318
208,0.023067199499370444,0.024903816385876874
209,0.023591902223565282,0.025261656558068377
210,0.022865266236849698,0.025150072160917095
211,0.023448127914586697,0.02552758057481806
212,0.024220230203019485,0.025444815189303152
213,0.023359631020278743,0.024649001642127175
214,0.023265891201501174,0.02440816676381427
215,0.023436763499062225,0.024434346745756327
216,0.02261124831733186,0.023502604753317807
217,0.02120043816439105,0.02245851747137465
218,0.02198554579668444,0.022874705431693503
219,0.02185392344145651,0.022779234519176985
220,0.02208658418240639,0.023666343271921072
221,0.0225053959832895,0.024286842497595967
222,0.02166243183562722,0.024100556295877616
223,0.02231028964244184,0.024327580823156312
224,0.021716896391438825,0.02317554346530469
225,0.02228833912091792,0.02244128494756323
226,0.02012253571391964,0.02183525467253771
227,0.01845640414739946,0.02167327972982382
228,0.018165945414317194,0.0221340401796726
229,0.019212643621625936,0.02273401178100832
230,0.018984819088713738,0.02225058763873646
231,0.018559486865806493,0.022185432528302525
232,0.019145164199191083,0.023693346352626533
233,0.01899596010093804,0.024046688026308837
234,0.01862335484366739,0.024163343077956784
235,0.019388542196167036,0.024884926238332085
236,0.019948844360286107,0.025659853411106524
237,0.01962958631066695,0.025260912677810998
238,0.01950326973377482,0.023834687830553293
239,0.01939761147639908,0.023364277020805218
240,0.02032449016323556,0.023919843190602887
241,0.01959738548110989,0.02330706038585436
242,0.020113008422776902,0.02380897904565008
243,0.020415408988677355,0.024789442136285547
244,0.02128099147746895,0.0252518954784021
245,0.02070756197928643,0.024982714580774598
246,0.020383385007750245,0.02425941142621038
247,0.021118558108248146,0.02422060325835854
248,0.021232376870177296,0.024432642251692237
249,0.02048641480722037,0.024714342754486442
250,0.02109939366948748,0.024827666312365146
251,0.020530347914610975,0.02387151581830245
252,0.02187628482833527,0.024789406551634918
253,0.02185107351156046,0.025101790752175706
254,0.0220058764309159,0.025487177459215898
255,0.022429390602094326,0.026068683017708358
256,0.021912948506586552,0.025313253637483654
257,0.02094855655428175,0.024698601931796713
258,0.020332594194512586,0.02446212597789419
259,0.020967651471485643,0.02559040477812991
260,0.02102221033158886,0.02582032291754562
261,0.020809786898970613,0.025604144282040497
262,0.020248101417056213,0.025171708920051626
263,0.01828636148368012,0.024230141959070098
264,0.01652938301518293,0.021407655776230466
265,0.017144566237254848,0.021106933012953
266,0.016994928134389076,0.020928012974705364
267,0.017462596958227605,0.021961823600286794
268,0.01802971724452926,0.02278349615054913
269,0.01915359590221389,0.023813442582509343
270,0.019653797781224485,0.024892805535569905
271,0.019411041656526386,0.024638814888466698
272,0.01912394685112319,0.024440239953140964
273,0.018867766469659573,0.024595509744573623
274,0.01863602114774789,0.023868304569555916
275,0.01758773989823667,0.02186488242236449
276,0.021751623190473263,0.02327620415227885
277,0.02290530055219734,0.0233122272444005
278,0.023669681080436905,0.02425280423057426
279,0.022500511553345013,0.023352060996130127
280,0.02099056667357873,0.02273076341888407
281,0.020395145917628022,0.023123544023747326
282,0.019372662368703154,0.02195715851874303
283,0.020330085632970292,0.02208365320334091
284,0.02179330588922938,0.023147797525083558
285,0.020501342157436733,0.023323234491754684
286,0.020277358046344826,0.02318779674518991
287,0.020051354212426892,0.022611665607310975
288,0.02328808211391269,0.023926600071495666
289,0.024179269232703044,0.02482106186943872
290,0.0215736128880534,0.022398479386964484
291,0.01929584974642133,0.02136831575094292
292,0.01754863946176135,0.020500436832764223
293,0.015925031803452207,0.019425689579275037
294,0.01503821088734993,0.018584112940001802
295,0.0145973303862844,0.01772385053674532
296,0.014553644360108762,0.018053541041879523
297,0.015164284301311151,0.01870441071124443
298,0.014914796493508492,0.019306507140115513
299,0.015475795906576124,0.019839216072072015
300,0.01649333050460116,0.020616421775931062
301,0.01755466418516015,0.021858065144510695
302,0.017544989443858475,0.02192158902702929
303,0.017394803248596824,0.021106919909708068
304,0.01735435578203743,0.021505931411657124
305,0.0165932427329915,0.020646466555945972
306,0.01584218013977055,0.019365804663609917
307,0.01578274482657158,0.01921183545084702
308,0.015795600544850154,0.018583891620698526
309,0.014140558187196452,0.01847784255331823
310,0.012833128363101808,0.017096329537237477
311,0.012607310859314685,0.016037017465632814
312,0.012575457573303096,0.016451960578618443
313,0.012667285885358388,0.016330182468781276
314,0.012448718096991366,0.015899496419412216
315,0.012618396879468287,0.016509089600982046
316,0.012476170168884268,0.016167066826650322
317,0.01184691234997266,0.015629002073926885
318,0.011420365334410659,0.0156446448365818
319,0.011314481879383954,0.015476538362642869
320,0.012535136083834908,0.01749640802927948
321,0.012561064135573067,0.017461040344467445
322,0.012454062272559433,0.017078692098746878
323,0.01216648492810328,0.017172560465921437
324,0.01178780003495863,0.017218198392434953
325,0.011842461636878888,0.015281204622499763
326,0.012027214420340984,0.015043843459305581
327,0.012037662114640243,0.014797435008052568
328,0.011968290719662062,0.014169518673612396
329,0.011515922870352531,0.014079676544582639
330,0.011847213571503472,0.014552412526127528
331,0.011661010425948557,0.013964652004675874
332,0.011856602221562002,0.01396363732053152
333,0.011964169636547154,0.0139655661222941
334,0.012720773825912949,0.014665018285884927
335,0.013193435261780809,0.014924452907335963
336,0.01470260378281112,0.016991751552945845
337,0.016217469176586414,0.017581763731608517
338,0.015760931174445606,0.017192014676713958
339,0.015275573183306738,0.017003806399804665
340,0.014944074013290612,0.01699007172532317
341,0.01346256100005359,0.01621779808656473
342,0.013092159446455571,0.015847058086955326
343,0.012938017798102339,0.016166092344955616
344,0.010967741476385278,0.014396590067973721
345,0.010262721342977342,0.01384872051204734
346,0.010193173913669182,0.013613882761644908
347,0.010406922318766052,0.01379716536410255
348,0.0103860669057489,0.0136310313710007
349,0.010377915366623268,0.013519424635117891
350,0.011627448092553953,0.014349433941556194
351,0.012769285528173444,0.015219834117413787
352,0.012521160399098664,0.0153196224686463
353,0.011842448947259186,0.0149680127646957
354,0.011441535236752117,0.01495276236218097
355,0.01421407224575383,0.0168427712468135
356,0.017074801897015903,0.020020029637173357
357,0.01766495742873504,0.019761287583379507
358,0.017243037605140843,0.019557528782887745
359,0.01692977760466398,0.01986385469816115
360,0.017204946116796183,0.01994426497997205
361,0.01748846753989798,0.02064155758257119
362,0.017231102076458324,0.02167251652835403
363,0.0174777035748712,0.02177958425219301
364,0.016244275047799857,0.021500459102351734
365,0.014988706002752353,0.02078908372787167
366,0.014704386330856502,0.020742037220728187
367,0.01388644312792652,0.020742162869077443
368,0.013650777680614885,0.02053451691561327
369,0.01470506037330305,0.0211632775985254
370,0.01585238447637716,0.0215715668816087
371,0.01634230735034047,0.02213262118493319
372,0.01578820425784237,0.021302979508705265
373,0.01639827302090612,0.02179788177000188
374,0.016903617375450465,0.021641463032293525
375,0.016799035088232987,0.021258627269439282
376,0.015044504964626426,0.020955605660432464
377,0.01505065272847244,0.02132733936487102
378,0.01484643813380153,0.021380416312557632
379,0.015141363183055794,0.021367640299383147
380,0.014483420906312798,0.01905555436124037
381,0.014233503943232237,0.019548472064878638
382,0.014015325166374597,0.019406128303010185
383,0.015470093899517059,0.01923788731706724
384,0.015702603021895717,0.02015185015424779
385,0.016279749344081253,0.022293030071809963
386,0.016021352901017128,0.022582353031433508
387,0.014534693086599718,0.021076902645867958
388,0.014541684322343457,0.020740323466951524
389,0.015635342905396202,0.021445810509275295
390,0.01569487137671327,0.021714168191143784
391,0.016022808546948764,0.021950536469758267
392,0.016432563800821785,0.022083286265732575
393,0.015530810550733555,0.02132368070681147
394,0.015819857600391982,0.02097490718436398
395,0.0158875770226516,0.021042302030869254
396,0.015574333612620362,0.020956451432533666
397,0.015963167009379806,0.020534362807128483
398,0.01566241548563437,0.021268446719627302
399,0.016331999159478576,0.021853719312899943
400,0.01618356351746914,0.022139922028938466
401,0.01707304262607821,0.022939087653526122
402,0.016757098312757807,0.023740927573668677
403,0.016722199587930427,0.023784684466664034
404,0.017142400131111152,0.023715715704359274
405,0.016475511910721607,0.024382932885741355
406,0.014820709101808247,0.024357001995781568
407,0.014550501766682397,0.023819903972875235
408,0.014163453999261926,0.023133522738944645
409,0.014496724056680234,0.02323249623511095
410,0.014515779011256936,0.02251695489545812
411,0.01412180422550585,0.021745071781122345
412,0.01497643781499527,0.02181484582339922
413,0.015363864070537197,0.021933056181605282
414,0.0157702156224923,0.02309252945442637
415,0.015433515046658509,0.023313381148471316
416,0.01591880431324318,0.023202016027235824
417,0.0156649055843022,0.022666804991644945
418,0.01580975701076259,0.02215184260119675
419,0.015416555019557918,0.021927402670983302
420,0.015957403192943892,0.022398172321445208
421,0.014822034913352683,0.019705422594254857
422,0.015687516134567914,0.01917885219866086
423,0.01918681061244658,0.02135391874835917
424,0.022540089160271518,0.022019681053351604
425,0.021863593597668447,0.021632481055199253
426,0.02135472830652975,0.021681133114344112
427,0.017920213863592674,0.020177724288529836
428,0.0169460719068902,0.02119912060729708
429,0.01633609990688249,0.022465286565448075
430,0.015747304602437652,0.02167974919139924
431,0.01604734134543586,0.0221704872436038
432,0.01580413823708237,0.02190305711764257
433,0.015547005427560663,0.020936501037753994
434,0.01579538957701821,0.020414672012027783
435,0.015717326746031508,0.020087502133090056
436,0.016902522005606394,0.020731762553324318
437,0.016344593898743397,0.02112498773931041
438,0.01694529678485142,0.022073472516546424
439,0.01764059771441975,0.022662051131206094
440,0.018193166926654757,0.02317980416538148
441,0.017692462703163134,0.022942564787907214
442,0.01746357625243291,0.02172524082449227
443,0.017212825923057742,0.022083517221199944
444,0.016312282769998746,0.02151461379333242
445,0.017458801074250668,0.022131648460553096
446,0.01756149625080744,0.022322266356470038
447,0.017974387487244815,0.02241159681663478
448,0.017261070431678672,0.021614814020255845
449,0.01729877481813279,0.02234234738808899
450,0.017094138829782852,0.022178805730509323
451,0.017700573805321144,0.022328416782686045
452,0.018050723154363242,0.02224591949412105
453,0.017867845890535784,0.02196230282615961
454,0.01835526058098898,0.022623273742776392
455,0.01735135937023684,0.022309838837643654
456,0.018532006509985783,0.02215929085534702
457,0.02019289125682873,0.022265537051206256
458,0.019307646199905586,0.020610416697884763
459,0.018208300903531063,0.02060490084050977
460,0.01907702364535395,0.023394195101510296
461,0.01945144902785173,0.024255739237330726
462,0.01876366448319875,0.023557533183253307
463,0.01822781426016204,0.023978066319978758
464,0.018101862699456222,0.02450178123817001
465,0.018213839320591924,0.024719129752062363
466,0.018267233487995804,0.024354882582511565
467,0.01891544581083387,0.024738456804707522
468,0.018542240118868878,0.02370551667584768
469,0.017932218727560383,0.022743676037357746
470,0.017918237773647254,0.0225019676626821
471,0.0186303781599618,0.02393605815762386
472,0.018476984312396943,0.023805039523453964
473,0.018796182169140536,0.02380484888106355
474,0.018895069429732264,0.02273470735500497
475,0.019346660619399162,0.02267340653421633
476,0.019156446155221732,0.022643110613164624
477,0.019157494103629637,0.02214029578948559
478,0.018678859930634083,0.022433314312245052
479,0.0187380837848763,0.022910233006948846
480,0.019315727805873137,0.023319988560861007
481,0.018699462514536885,0.022986562420778185
482,0.019011539325668732,0.023041707052524965
483,0.0189421870342309,0.02343602025981833
484,0.01881767671545939,0.024025586099307866
485,0.018967107001864218,0.02445693551107439
486,0.018061277889135065,0.024034707800334495
487,0.01811767484128732,0.024174375483035512
488,0.017615378544923593,0.022996740161794052
489,0.017412173801904494,0.02265324697793266
490,0.018422312169357098,0.022913214676055553
491,0.020389734002309957,0.02346344505528335
492,0.020394443926814415,0.023885518579276538
493,0.017955674938908144,0.023074278824354914
494,0.017414771318241994,0.02354196605332718
495,0.017861633805998176,0.022580639020458072
496,0.01750831807913513,0.02191365714037116
497,0.017572696586391413,0.021660709251471923
498,0.017901186960999384,0.02126289265068786
499,0.019035285066243277,0.022177458450677014
500,0.020027197526992346,0.023363248059439783
501,0.0196580643758334,0.02335049170229629
502,0.019529416769116795,0.023485328780635754
503,0.01984410770067947,0.024503772690681627
504,0.01974609464125125,0.02459085636790524
505,0.017881237031615774,0.022382784610452604
506,0.02005310953407615,0.02278597278872548
507,0.021086493820324174,0.02284391198049967
508,0.019031115669494343,0.023506007152480954
509,0.01732813643821199,0.02323616406104796
510,0.017329892676821133,0.022866234565822617
511,0.017764863809129217,0.02340684494592939
512,0.01765802394383174,0.02351040502125887
513,0.0177238209389863,0.02423783362147819
514,0.016746875937281348,0.023530877818638506
515,0.01735235014521665,0.024243918865564467
516,0.01639766654508192,0.023247329584956376
517,0.016225043599606442,0.023203535628915938
518,0.016838494043470233,0.024372992778747802
519,0.016956850048095534,0.025285117683952068
520,0.015967113954493163,0.023499589157662797
521,0.01581597835381008,0.02383953589431545
522,0.014811646438502957,0.02328989792597942
523,0.01591695768563598,0.02379157335074994
524,0.016392824566616362,0.025020261233141806
525,0.01688957371046772,0.025297216160321274
526,0.01721040821623984,0.02503280380376254
527,0.016046973386435515,0.023987160709478678
528,0.01609538177281843,0.02396728618170652
529,0.01578638968802348,0.02374413636891971
530,0.015808433251945107,0.024471847470449008
531,0.016372980241360562,0.02535160970761079
532,0.017060780091756027,0.026474145878938756
533,0.016743891877531523,0.027054937518069082
534,0.016120535207857098,0.0255068266633041
535,0.016803205303216173,0.024959928843349383
536,0.016943305861437653,0.023617156114019506
537,0.017895541434446622,0.02378306697429829
538,0.0176758516018453,0.023363869679912178
539,0.016865877798996586,0.02361263816061228
540,0.01667793907507596,0.023720853935982857
541,0.016788680987348356,0.02346993400368685
542,0.016654311128936707,0.0232320425998093
543,0.015629293294386577,0.022448115075934638
544,0.01568830191404664,0.024250994239549458
545,0.0160732541033345,0.024226674108613032
546,0.01601397423092355,0.023843725583097157
547,0.016365415419734332,0.022193394093057695
548,0.01635323432290799,0.02237572831824735
549,0.015577615154836213,0.022142416279344265
550,0.016447786730424775,0.02119982527388349
551,0.016193898830292094,0.019057303941490675
552,0.016770334269447677,0.0212617251887687
553,0.016456624317270064,0.021139910029657944
554,0.01723479662169453,0.02150465393336023
555,0.018012908172975704,0.022316209760533008
556,0.019206621776625722,0.023025171246059264
557,0.017498898040282006,0.022629734350825225
558,0.016601345627615578,0.0223635384535468
559,0.016481179366093134,0.023330364545402268
560,0.01714615339424133,0.02336870490822163
561,0.017055124498935433,0.022768907897472813
562,0.01712105175987721,0.02282112025302056
563,0.016297513730615845,0.021865515308581388
564,0.014941723271416088,0.020339897666157125
565,0.0151032757760523,0.021189809181188138
566,0.01855989237687418,0.022892615885262695
567,0.02032731491386995,0.023705311606411816
568,0.020198165887424596,0.023558730461994026
569,0.021920463816618076,0.023512758908681354
570,0.021433427538986836,0.023160418011933175
571,0.0192462703966176,0.022113892363332187
572,0.017190210250332932,0.02244492662771436
573,0.01512493978877699,0.021723171392935208
574,0.01445563909293986,0.02173144265984223
575,0.015365314590531315,0.02219969045598424
576,0.015700196579672965,0.021988885484853237
577,0.015073041774092428,0.021923283845492157
578,0.015528790492323244,0.022185903109796033
579,0.013589788016871123,0.020656038740328477
580,0.01425613528207181,0.02198778507285346
581,0.015574322130356213,0.02310827139239362
582,0.01626283276905125,0.023581938541547245
583,0.01640050459116718,0.023974581462867784
584,0.016950967239949457,0.02486424063978573
585,0.016852867493360287,0.02470822012801948
586,0.016168555516760743,0.023612713075579713
587,0.015327875180404701,0.022315359422563262
588,0.014516586941430806,0.022048154143031438
589,0.014685101730080667,0.022622431113775897
590,0.014471288829604847,0.02244554507964066
591,0.015620880034999758,0.02330136937509058
592,0.015825390010043048,0.023732089901434276
593,0.01496731829437746,0.023436354667473482
594,0.01429092387066486,0.0232157543709371
595,0.014359850035460064,0.023384759727072893
596,0.014540954618993712,0.02361678450172571
597,0.015253790774655896,0.02380132974637739
598,0.015022785621011446,0.023506819820395094
599,0.01552853893972127,0.023214562543104545
600,0.017228495909249218,0.023518405540913563
601,0.01725885900224794,0.022558533282542266
602,0.016928270336064085,0.021914519990758437
603,0.016351354921086404,0.022140847433239987
604,0.015255296671687756,0.022346895248908483
605,0.015569845286601144,0.023319021284384785
606,0.016107551819718006,0.02383490422768068
607,0.016002861285325333,0.024105484080800165
608,0.013660805949747801,0.02312772046449346
609,0.013557806371858076,0.0234078210212308
610,0.013649221525094601,0.023456685319450853
611,0.012963101320470611,0.023407109861412107
612,0.013322983205751551,0.02349568103282275
613,0.014481543025733989,0.023726527110822244
614,0.015241924604637814,0.0235930955222658
615,0.015390791542612312,0.02316227752979269
616,0.014512582390855254,0.02209788629581365
617,0.013963356703983987,0.02172736161439773
618,0.013629184418865854,0.02115657241714965
619,0.012312552500195369,0.02026215488359471
620,0.014232570321387686,0.019990405304541634
621,0.014357910302426218,0.019779644615458992
622,0.014490203543967003,0.02005052685029482
623,0.014851697018930004,0.021044974704691518
624,0.015250100833228265,0.020918864430159223
625,0.014092714640616243,0.02009521190512075
626,0.013683053460660302,0.02033072880768719
627,0.014366028544525861,0.02027873628882508
628,0.013996825528898459,0.021285851455861284
629,0.01368217648452613,0.021253566971769715
630,0.013446715728439768,0.02176734480992848
631,0.014076787332527853,0.0223398738965762
632,0.012409894961617289,0.020926634793159715
633,0.013371151253909593,0.021443828281831508
634,0.013671148816653935,0.02181973427633919
635,0.01371027727055275,0.022359104904618298
636,0.013507493526917477,0.02164016835903928
637,0.012661658539761735,0.01894583663678547
638,0.013070415984882022,0.019602285542967255
639,0.017055399721540777,0.021420855978647492
640,0.018464494486164225,0.021864543231399736
641,0.014880616206242005,0.020959959089116045
642,0.01282735014675917,0.021132067755349853
643,0.012970395923495479,0.020028499530967008
644,0.01484665468543749,0.0199143160726474
645,0.015184597259251444,0.021844941398990264
646,0.015086796870295117,0.022605259135146636
647,0.015226165785733358,0.02244964839816892
648,0.016000104587212967,0.022748191192688703
649,0.01717612843359482,0.024390802979123067
650,0.016684343656866673,0.023523235291475583
651,0.01658142448596961,0.022483187090830168
652,0.0166182740728135,0.023066458425186873
653,0.01590212536591085,0.02234409721647841
654,0.01588923512479522,0.021935254033765585
655,0.01699214743993417,0.022788574691678887
656,0.017426494558478833,0.021959100562095466
657,0.016474504666219893,0.021834185468127962
658,0.016181880095063467,0.022614209052955588
659,0.015867151576778434,0.0224032073159532
660,0.0157758937907058,0.02230660708571946
661,0.016945990025917637,0.022285796341804935
662,0.01839144850708183,0.022920569614080587
663,0.019541078283563558,0.023964953257929633
664,0.020272941497492012,0.024585401351714168
665,0.0194043496035417,0.024472941952995375
666,0.019005934138178505,0.023891483251793598
667,0.019507885955299595,0.02399139965784672
668,0.019067323585699538,0.024990179492104945
669,0.01817755547803327,0.024039166052277253
670,0.018475226943025766,0.02362456066637507
671,0.01939761938928887,0.02415630643953815
672,0.021623801828149464,0.026402090346821082
673,0.02110523683734432,0.025856692502853287
674,0.0202905855604118,0.024242395347281905
675,0.020340580713579286,0.023955533481854568
676,0.02049211586659093,0.02461803774128704
677,0.018682837054865294,0.023199335296447535
678,0.0189068851909853,0.023441598161819736
679,0.01948475526779382,0.024001580047897274
680,0.01997158963560756,0.02410299416213532
681,0.01935982493741143,0.023626743179071538
682,0.019129614466514185,0.024021707713602767
683,0.020146923710443035,0.024426889426894006
684,0.02026012063612257,0.024182185377445743
685,0.020775188473269233,0.024334865516147476
686,0.019986750701465994,0.023256838251296486
687,0.020514547516165136,0.023653676775895624
688,0.021347050868361413,0.02384262812907222
689,0.021616480933528217,0.024757646149868615
690,0.020393905903364602,0.0241360771104456
691,0.02063863817126181,0.023803065533127898
692,0.02185957776412946,0.02424500694425147
693,0.021870229814753953,0.025330795533602932
694,0.02104392647576556,0.025208215733232116
695,0.021845582241417652,0.02590303175051477
696,0.02168336412038436,0.025536954328467965
697,0.02113416540364497,0.025015434101952557
698,0.021690859623407072,0.025702410146259014
699,0.021986386310331757,0.026156642901844336
700,0.0219458592824307,0.026103311685692097
701,0.02127008685790425,0.025676512768535876
702,0.02072193586548609,0.025308169736590454
703,0.019647338904938146,0.024096296755244474
704,0.018769183432544245,0.024084872027712135
705,0.018109591607831568,0.023968320434905217
706,0.017566650770410818,0.022211537412770568
707,0.019873044791341856,0.023065152308250354
708,0.020045009527122012,0.02498809927550613
709,0.019815391691425016,0.025167386753954645
710,0.020319846414542743,0.023748236546340687
711,0.0206345882074289,0.024336444007751198
712,0.020625405982480617,0.025025812070401023
713,0.019564125789230325,0.02412129546063334
714,0.020012829704053485,0.024403130731734668
715,0.01893396516228785,0.02178175943786121
716,0.01928224967206903,0.022370757587779063
717,0.01867917966243934,0.020830071815333456
718,0.017928192233579176,0.020596266372316246
719,0.018522334349025768,0.022546330819933593
720,0.01807909917920579,0.02141908670035647
721,0.017896814140278577,0.021391179549882396
722,0.018375317639662478,0.022667229786716626
723,0.018797060931137987,0.023036292289942646
724,0.01868772182688121,0.023385616133254853
725,0.01770272765281547,0.02345474529999946
726,0.017616241380882868,0.02420390732460081
727,0.018951759859437017,0.02456126131900446
728,0.019233433092309772,0.02462304508509608
729,0.019838077562570812,0.024806468816164134
730,0.020118450782421343,0.025164331451448273
731,0.02066517976530405,0.025165993135917792
732,0.020702798488606528,0.025257959007133256
733,0.02120482765643776,0.025302055401746498
734,0.021590028371359878,0.025748563558471837
735,0.021627896310159198,0.02573311743806926
736,0.02103751337285503,0.025161877114753872
737,0.020949071161310527,0.02612619192371781
738,0.020714317044471377,0.02639448075616586
739,0.021193514728554012,0.025772967953955943
740,0.021154901103544996,0.02554090739850203
741,0.021373880934390063,0.026336481127472996
742,0.021026215306766165,0.026165019409536826
743,0.020289679795331948,0.025066472743367655
744,0.02134820425634877,0.02494354674382017
745,0.022005825329996676,0.02573274879179573
746,0.022709026715684817,0.026044323316197587
747,0.023540140936059488,0.026406533346549473
748,0.022074294271532922,0.025138689763019348
749,0.022879184330973825,0.026063007058742392
750,0.023633871051657436,0.02700878518365218
751,0.022948635997563076,0.02676409397306596
752,0.023825645601353265,0.02685103364096037
753,0.02430828193928589,0.027082196706755185
754,0.023236703522617825,0.02672752780905751
755,0.02296774126178385,0.02674077546310728
756,0.023137887591301157,0.026737424356492248
757,0.023555603198776063,0.027329969169811414
758,0.023142018574575263,0.02708683916950614
759,0.023245300529923116,0.026524278413952145
760,0.02322510797770702,0.026305760886918276
761,0.022881703638825458,0.02599456944160801
762,0.023173086436579792,0.0262619696499015
763,0.023120259180479972,0.025875727426245488
764,0.02311932677366025,0.025989937028530835
765,0.023234976551527863,0.02684011969524483
766,0.023409086915841596,0.026657557232867182
767,0.023885627502479807,0.02669369579689056
768,0.023882308099835988,0.026442054100481692
769,0.023275618521305518,0.025765733116127572
770,0.022847226801184818,0.025680940501935312
771,0.023173722780989208,0.02618996594204207
772,0.022813496867756737,0.026279907696448352
773,0.022828220259734203,0.02642768709159008
774,0.02322416235515689,0.026920753261768612
775,0.02240238688603914,0.026258122100687783
776,0.021880321578995117,0.025878736578584163
777,0.020454105065756772,0.02603328983943728
778,0.019516254983016595,0.0253832641881894
779,0.019873940452734003,0.025313638686573128
780,0.02032064573091518,0.026193157571738197
781,0.020162856192123838,0.026316402060642972
782,0.019919849624385144,0.026150248290050797
783,0.019099132604125213,0.025067855114823116
784,0.01884707806769877,0.02492155628633865
785,0.019936793958199448,0.025113105142766465
786,0.02063081425763689,0.025746375795280305
787,0.020838435543095737,0.025979700947958692
788,0.020765552144140147,0.02581070379624037
789,0.02033730900590794,0.02584784559313424
790,0.019162955834428647,0.02429054178765601
791,0.017066296495944874,0.02195606297148124
792,0.01752824233215931,0.022866961882001414
793,0.02140930993744186,0.024666553368012847
794,0.023930256954293492,0.02542054768864142
795,0.023605594720440926,0.025230086325122383
796,0.022857971051033894,0.025556458813656726
797,0.01968987548161511,0.023732634240311617
798,0.01891297100825423,0.024056613186997502
799,0.018484913696114245,0.024672574616979033
800,0.018260866464900025,0.024810138083358402
801,0.018805952421878127,0.025489539014013175
802,0.01933672862487661,0.025113081672775296
803,0.018734169825402533,0.02491444418473158
804,0.018183090991633177,0.024585147666046817
805,0.018542673603911843,0.024488676107245748
806,0.018714467879607552,0.024787692924952563
807,0.017787232830897306,0.023840748109396286
808,0.017572847749123755,0.02382779880020213
809,0.01765248886137916,0.02451411827876572
810,0.017022009502725054,0.023479800421119232
811,0.017889047072578157,0.023619847372227967
812,0.018219709101229723,0.023621948537174395
813,0.017199974414372644,0.022258135934000205
814,0.016141022724613478,0.02074930109916477
815,0.015474123465683411,0.02043451753347009
816,0.01606796566347072,0.020849930030181225
817,0.017156722911993987,0.021819923967062886
818,0.01773484605795256,0.022321961802093615
819,0.017436393896351057,0.02189592715154158
820,0.017634322737352853,0.02174225703637602
821,0.017596510250192317,0.02122447675939077
822,0.01793510538988626,0.021660009104263953
823,0.019492501337596203,0.021997616135884527
824,0.019345840159574506,0.021311753878492115
825,0.017449911520612062,0.019808470392248412
826,0.016601495384540296,0.02020903206814427
827,0.017526161594018822,0.021751311206563963
828,0.017872141980832527,0.022387357582381317
829,0.017834923522993373,0.02266102147278598
830,0.019704074785624345,0.02443979367365481
831,0.019485055042254416,0.023611548195724124
832,0.01979791047120706,0.023984470794701757
833,0.021031523570499134,0.024478563626864798
834,0.020726971100758065,0.02447815053427006
835,0.018372649236449014,0.024158539019003274
836,0.017250323222669662,0.022953235531960343
837,0.017968050298241948,0.02274615676175125
838,0.018246787907564694,0.0228996745997945
839,0.018522331851332122,0.02319146133640946
840,0.018758089710213303,0.022645819700101415
841,0.018386157297977605,0.02214609471669764
842,0.01540971362082966,0.01949254705841823
843,0.017498570996934616,0.020942390985328352
844,0.017615632874811063,0.022973423329260535
845,0.018202825622248574,0.023782775218025087
846,0.019090492480983542,0.0233309984320213
847,0.018263803703783082,0.022701482640025156
848,0.017705515922438162,0.022404859913579572
849,0.01954538718384116,0.023587699448379098
850,0.018863778411454504,0.02354296918417
851,0.01833309517078408,0.022410536674418124
852,0.017715420811636805,0.023184563756256254
853,0.017938227178074796,0.023890857002727903
854,0.017731095834744623,0.02361542029651188
855,0.01999334135402335,0.023564774101507983
856,0.02042033231180414,0.023284906621179165
857,0.019988061496063896,0.023660664453883342
858,0.01858732509218041,0.024400333492917984
859,0.017928268040541234,0.02488480044648601
860,0.017599093975777715,0.02439458028357948
861,0.01938261965344459,0.024130827375123783
862,0.01980776938315559,0.02455725561922314
863,0.01869748992372157,0.024165083343236634
864,0.01962441123164679,0.02448072898479244
865,0.021542443685638235,0.02527225646684851
866,0.023337233256464373,0.02572509777154818
867,0.022729426099172518,0.02552308012085881
868,0.02073864836854304,0.025011678787122914
869,0.018254133555640994,0.024221068793596687
870,0.018792943189655815,0.02479170784757818
871,0.01886451168775241,0.02434165008267804
872,0.019870770201410832,0.02440538022677626
873,0.020306394334135208,0.02484025874160764
874,0.02005385895065847,0.02481036247740181
875,0.019788064422545115,0.024997519203217113
876,0.01988553039681884,0.02536966746207099
877,0.020531350045417625,0.025514774401370944
878,0.02117792166221806,0.025896017330335638
879,0.020779306100371576,0.02552606663002939
880,0.020658713389495775,0.02559422723967071
881,0.020410698004672007,0.025448402784291498
882,0.02025607355020649,0.026237232526028234
883,0.02071908363492853,0.02584053521782794
884,0.019872570505587744,0.025604415321603808
885,0.020277879393119116,0.02608088043680006
886,0.020324129481353894,0.026257348525468464
887,0.01986887851272895,0.026286935236139432
888,0.019023833221674863,0.0251989101380845
889,0.01817501356208328,0.024020353294789045
890,0.018900734396314997,0.024001032386074487
891,0.018370919625298777,0.023375836194817284
892,0.01794755593648577,0.02388338003180604
893,0.017883614265504468,0.02431651505024823
894,0.01754358328792235,0.023695382022252444
895,0.018038664608360847,0.023466698290065657
896,0.01795353721163526,0.023004086513194032
897,0.017393009537119527,0.022353279420090324
898,0.017313132235069566,0.02134103262328742
899,0.01779287003838005,0.023346658098431616
900,0.01786023351871343,0.024690941168019218
901,0.017667101397205037,0.023638106197311944
902,0.018423282564428923,0.02363956212993851
903,0.019611885294687006,0.02433875696825671
904,0.019189473357632065,0.023756354675658526
905,0.020365961674049998,0.02353534664447061
906,0.019834081994305367,0.023070141559783104
907,0.019439091249831193,0.02330502878698035
908,0.01916767790894404,0.024115910515487917
909,0.01783878139757132,0.02352257569645598
910,0.01760511938315326,0.02398917338750261
911,0.01950575484257789,0.02277979247761132
912,0.020403220978226534,0.023254974303299966
913,0.019970494135175945,0.02397658991907536
914,0.02015228889059704,0.024846135342990544
915,0.020516860611231074,0.02649760965176777
916,0.019017820885356036,0.026687526101550337
917,0.01908491139495935,0.0265610763271294
918,0.018784404770879157,0.026596680581326894
919,0.01832272284791367,0.025888083975159577
920,0.019155864574549406,0.02620757290703879
921,0.019975619011265308,0.02671644957472799
922,0.018942062371896426,0.02616655966699777
923,0.017961056952804495,0.025417584307604702
924,0.01887437140867298,0.026173625632117857
925,0.01880974403892039,0.025834199256943417
926,0.018770313124042655,0.025590654724291912
927,0.019562956144612807,0.02609049921868079
928,0.018985766301200933,0.02583004380126498
929,0.018072505580070463,0.025552767003762786
930,0.01784894321335722,0.02540228611024252
931,0.018456022568549005,0.02539716453192402
932,0.01852334178080327,0.025024600285330992
933,0.0175904054834985,0.02414467094667483
934,0.01791651215130784,0.023922432611239042
935,0.01815576706593619,0.024014751920071915
936,0.017684378078580074,0.024020718896515154
937,0.016847367691444643,0.023389802957199644
938,0.016915750592504303,0.023408710427610648
939,0.01730779889297571,0.023094728414414914
940,0.017386928317152408,0.022770557955657546
941,0.01696631503667074,0.02230546200577507
942,0.018542632446548732,0.02344072781321458
943,0.019582697381089923,0.02333822577211803
944,0.020921895271271366,0.025034073854455975
945,0.021827333268751126,0.0256640082959115
946,0.02182696327032489,0.02549875951779383
947,0.020776359304218027,0.024905713101429028
948,0.021047863754519818,0.024922624558779242
949,0.019208165606959066,0.02397479807391818
950,0.018116959368225834,0.023617073900670648
951,0.018271453921998044,0.02444788381973454
952,0.017926591499994624,0.02510617135668132
953,0.017819750716579742,0.024851847706795382
954,0.01741895585317981,0.024655371127576164
955,0.018241746111839353,0.024758843578479062
956,0.017602536024592535,0.023981315408774354
957,0.017189572938893984,0.02289369844907428
958,0.01716785443827759,0.0224154422134316
959,0.016353735297113203,0.02291841039430062
960,0.01651991631986475,0.02349739950111827
961,0.01573544024045507,0.02255445936110742
962,0.017230178422839384,0.02365121317559128
963,0.01771151629478326,0.024091463662239354
964,0.01715547744521603,0.023672088311952246
965,0.017443326765218405,0.023875338830066064
966,0.016166703353502107,0.023205344664567626
967,0.01662260586759379,0.023195850199892086
968,0.01717211299858326,0.02382653604559407
969,0.018012958097678347,0.023742360151614808
970,0.017935385088303397,0.022924211110060367
971,0.01670652515378081,0.021446008356025538
972,0.016301363108778798,0.02174035585504035
973,0.0177860229963514,0.021889199912958835
974,0.018788268800696492,0.021821306014677654
975,0.01792438789882909,0.021830955637435097
976,0.017902571400473556,0.022386930510362342
977,0.017705228951300597,0.022875478625493984
978,0.0170866050011105,0.02290024878973931
979,0.017789448625214168,0.023408195015911334
980,0.018258426219588612,0.02280207610034451
981,0.02040136832000844,0.02431699953995988
982,0.019252455888601226,0.024038978729543418
983,0.018842511315846567,0.023188335203608985
984,0.01817296597222315,0.022866514520389476
985,0.018170964274777456,0.0229497040820151
986,0.02075173046837685,0.02279841279667514
987,0.01983209312532285,0.02229554055686625
988,0.019302881978399765,0.02403714452197623
989,0.019147610795505695,0.024722638487790532
990,0.020222968246949028,0.025499818433994584
991,0.01872165169823954,0.02375766174507307
992,0.018428267036971997,0.023812018384893465
993,0.019161150441345965,0.024388615266767926
994,0.0186228608756986,0.023866178630338807
995,0.0189993914597397,0.02390464422593299
996,0.018928287199892417,0.023736313846345655
997,0.019064964307916925,0.02302120732487484
998,0.018690298594674824,0.02275556903308347
999,0.01976651729829503,0.023656192900406058
1000,0.019763714136293135,0.023562536899258066
1001,0.019491053159202253,0.022866470074105923
1002,0.017713873011520682,0.021232020087416002
1003,0.018546872257617773,0.02027913643889624
1004,0.023119033090942046,0.022293501681634516
1005,0.023432204776260637,0.02215542588023807
1006,0.026130799679164582,0.023940301972137996
1007,0.02628051951035946,0.02488457449257461
1008,0.023624737854140813,0.024835702009994517
1009,0.022356225473839125,0.02428163028250009
1010,0.021560843727719742,0.024046552522610624
1011,0.02187254377735116,0.024499219208432798
1012,0.020924689273184395,0.023870067314113754
1013,0.020713797036111023,0.024010991879800093
1014,0.02089461192367647,0.024450942973896522
1015,0.020840678144833882,0.02457223328492987
1016,0.02058869164161114,0.024122911260102506
1017,0.019588150286556694,0.024004176667283363
1018,0.01851395729500633,0.02377019895994414
1019,0.019956801792412944,0.0250488443724429
1020,0.02012072950106878,0.024846953368564614
1021,0.02014610860541653,0.024594927026582003
1022,0.020534627627699635,0.02497029474655054
1023,0.0208496331422619,0.024967307516499383
1024,0.020816097765077063,0.024749918064094538
1025,0.020773004007163094,0.02467774120882237
1026,0.02193878211982929,0.024711005449630234
1027,0.02398540675627628,0.02440396999287252
1028,0.0241618549830161,0.023092409525089445
1029,0.023906448521195296,0.023640954087814598
1030,0.02282170647831389,0.0241229464222864
1031,0.02212266380773099,0.024532146417763127
1032,0.0216567306479863,0.024542739746494503
1033,0.021723083662978586,0.02427143462295896
1034,0.02216589220745088,0.023847229284944288
1035,0.021894068777411627,0.023800366935418326
1036,0.022710185034745915,0.024066571462235075
1037,0.023405365844789076,0.024241006140475023
1038,0.023075789708873033,0.02409392476644183
1039,0.022917999231462854,0.02400755301891855
1040,0.02258727550968505,0.02392677032153647
1041,0.02245044827123976,0.024093370224637742
1042,0.02198211893093302,0.024021660552096355
1043,0.021938484888726795,0.02448296186930117
1044,0.023530880724036488,0.025022810532001512
1045,0.022332187062561286,0.02427463263346915
1046,0.022209451933060963,0.02431276378806759
1047,0.02235159598173561,0.02434095976367197
1048,0.021887143322439056,0.023752338391730323
1049,0.022022092237399416,0.023990707742348245
1050,0.02185509642448716,0.022946001936075853
1051,0.021962254949491902,0.022322891327744544
1052,0.02369684794631032,0.023916699253883573
1053,0.02661589129728944,0.025618470606315516
1054,0.024262018503365575,0.025779831432878625
1055,0.022344586611518055,0.025336712065648304
1056,0.02340674103465925,0.024404139677523477
1057,0.024341961087661946,0.024733987894333172
1058,0.024345948182822544,0.024850146632742327
1059,0.02396854666221262,0.02531743838698362
1060,0.023885707107028004,0.025288665452610944
1061,0.023990020075003993,0.025233793135166126
1062,0.024043394319403805,0.02459489131027031
1063,0.022093805698262928,0.022871804098844123
1064,0.022281551945007066,0.023935788084424384
1065,0.022324232763231148,0.023704824992751013
1066,0.022080977147139785,0.02371927133645294
1067,0.02231522099619719,0.023258035585515646
1068,0.022192954219254518,0.022496797686354278
1069,0.02227276099656562,0.02411998019787884
1070,0.02162898769283929,0.024331182174634668
1071,0.021401165626972272,0.024560026797415403
1072,0.021718868996900526,0.024518738090812675
1073,0.022064247178648445,0.025219564735708095
1074,0.02280171195814655,0.02594541257388814
1075,0.02322626539255365,0.025307422688415404
1076,0.025047579320629405,0.026030778903790644
1077,0.024812233786329872,0.026432061355853048
1078,0.024697613804902444,0.026358033985005056
1079,0.02482943533161058,0.025607135096929422
1080,0.024184306482734147,0.02506922733113325
1081,0.023740433364049834,0.025347215050097103
1082,0.024424008481466798,0.025984902293777215
1083,0.025593364908458417,0.02641152636319049
1084,0.024204254613620434,0.025761761474892245
1085,0.024707123430098253,0.025285921063144895
1086,0.025071343648650712,0.02587891195772335
1087,0.025198765098055603,0.025657770251151523
1088,0.024711125091914192,0.025071172054731066
1089,0.025656087385434973,0.02525350087846491
1090,0.02568741043885455,0.02552966892918647
1091,0.025356749592300946,0.025624607214033403
1092,0.025991800945648097,0.025849160329794344
1093,0.025682601174334085,0.02537462017755299
1094,0.025025305622472835,0.024660898086732153
1095,0.025697420346154548,0.025220957288647986
1096,0.026829096359075273,0.026071511816072077
1097,0.02610572916860406,0.026207628336497337
1098,0.02674385422325657,0.026764695196508693
1099,0.02645240057367051,0.026141800470334264
1100,0.026597277287502614,0.026411124626402202
1101,0.026700195435959962,0.02676466354298434
1102,0.026594677766918477,0.026296695366654393
1103,0.027316649655354033,0.026729968038792663
1104,0.026601938071880136,0.02649194906489043
1105,0.02659739788862326,0.026006275332731095
1106,0.025660707143015955,0.025279783988692697
1107,0.02562522153449366,0.025491032697644994
1108,0.025256013443470452,0.025337458493293948
1109,0.024754719244222432,0.025426209988049005
1110,0.02375180034055288,0.026084070838430683
1111,0.026186917124791074,0.026194924965278536
1112,0.026819810372702025,0.026312920591840497
1113,0.02619212915920922,0.026469861767230686
1114,0.02524387790322533,0.02621887954151596
1115,0.024932030540097253,0.026475160233281586
1116,0.025196315583169402,0.02705317726988255
1117,0.025699342110152158,0.02696077849690486
1118,0.02557871100154129,0.026696160753004208
1119,0.0251768410646102,0.02661908227420514
1120,0.024586811768059928,0.02669052302930845
1121,0.02564331554059832,0.026824355739524776
1122,0.027042270734210005,0.026588667113687087
1123,0.02655741668418843,0.026185217674774077
1124,0.025713286888225783,0.02630460190028859
1125,0.02472788325025849,0.026107796265155504
1126,0.024533254052266758,0.026198166043279344
1127,0.02517867588467303,0.02594160089329021
1128,0.025607133927034953,0.02502145365512583
1129,0.024150404382803258,0.022900703616062598
1130,0.022100401616492148,0.02219911425066294
1131,0.020673531719863823,0.02199035179904322
1132,0.020429699734066095,0.02150862200220382
1133,0.020262789017183386,0.02101206803807235
1134,0.0215572388453264,0.022207847006951782
1135,0.02256212245365314,0.022294108652980663
1136,0.021406653461776573,0.0218583604455573
1137,0.02140741811823178,0.021198480902585245
1138,0.021871286558253558,0.02149881152314414
1139,0.02232998750822492,0.02147582303439201
1140,0.02223083715260165,0.021118813987794142
1141,0.02437213275405372,0.021710864933324803
1142,0.024983242624068543,0.02238857174693717
1143,0.023569734049306804,0.021735296569173685
1144,0.023195161737000498,0.021386342884397874
1145,0.02096156705090909,0.020857712126663538
1146,0.019609417043821104,0.02071518837456141
1147,0.020693332616342475,0.02139356232417043
1148,0.021803013942042777,0.022139709377637356
1149,0.02277472279983957,0.022690153731706065
1150,0.022768320675126404,0.021532999221215227
1151,0.021981568807243862,0.02197378307405679
1152,0.02173235247318435,0.02306318355961075
1153,0.0205238868874782,0.022722544097953983
1154,0.020591773454335542,0.02280300143671259
1155,0.020908939056496288,0.02277579201010241
1156,0.020575182134567056,0.022851751060688846
1157,0.020602992104369944,0.023121489164824666
1158,0.018595029862668522,0.02217389021868678
1159,0.017762164971336532,0.021479966702737344
1160,0.018667531262829686,0.02233600799847153
1161,0.01882946748879604,0.022030267744732542
1162,0.020203919791897913,0.022427717240424274
1163,0.019938780210966657,0.022851828510025547
1164,0.018782895729719026,0.021674973062847578
1165,0.019965731404003276,0.022364823977489637
1166,0.020933745848025216,0.023319338671290116
1167,0.02158519704621802,0.024164644678098497
1168,0.020685737765394376,0.023874966145122675
1169,0.019922532528544177,0.023111805026157926
1170,0.018862924995404356,0.02302964274904074
1171,0.019397517716044695,0.023408677915305657
1172,0.01883976524471913,0.02295317678395149
1173,0.018296495861619726,0.02253286712210933
1174,0.019149926414298406,0.02313680094369117
1175,0.018373339239669866,0.02335664023959267
1176,0.017670840414888176,0.022250448778230503
1177,0.018198575582104894,0.022552056544615617
1178,0.019036239761029725,0.022828378850943746
1179,0.017674362351682904,0.021981200785090346
1180,0.01636596855513139,0.021111425729643522
1181,0.016917159409062656,0.02188691187963046
1182,0.017120603049681538,0.022504730332457316
1183,0.01709060574115944,0.02163016558809258
1184,0.0171879538227069,0.021594399436323502
1185,0.01731884825792516,0.022086212170329418
1186,0.016945566427479936,0.02222739790530164
1187,0.0173741259068715,0.021768353517349355
1188,0.01809126384376084,0.022191719813140585
1189,0.016720873797307526,0.020537314442387624
1190,0.017483595190627994,0.020440547946037547
1191,0.01785454710396035,0.020977435680909505
1192,0.01862640069362453,0.0219189735436343
1193,0.018699978984769522,0.021532204148062877
1194,0.019979353315106106,0.022379047097932668
1195,0.020974997333923055,0.022839701035253297
1196,0.02047603269966669,0.022572138342308392
1197,0.02051763728077038,0.022906829955054445
1198,0.02040959313633202,0.022576081461672733
1199,0.02007661692442888,0.022905659337964495
1200,0.02054876137468565,0.022436492761551276
1201,0.019033824549975754,0.022739441645878714
1202,0.017902514456117256,0.02269085896915013
1203,0.018170724601435578,0.02289534018252029
1204,0.01983261298673678,0.02319544862398593
1205,0.01913031427559801,0.023231095808955285
1206,0.01776624856154396,0.022172804429145754
1207,0.017576847103525924,0.02212729893594488
1208,0.017153656366497686,0.022454582099709054
1209,0.01716547853849571,0.02201206546077655
1210,0.017539029166977107,0.022169863091815352
1211,0.018377848262734406,0.02256109388347542
1212,0.019282312972704642,0.022529805885081054
1213,0.018889674471839552,0.022569231200090883
1214,0.018444571591653375,0.022613545923668734
1215,0.0186011452386747,0.02235773186330337
1216,0.018542031221147198,0.022384402342090035
1217,0.018012321792030644,0.02235356455269596
1218,0.018565386476059854,0.022601215656627573
1219,0.018295096585705075,0.023353226647114127
1220,0.019147788586591167,0.02350288260799096
1221,0.016790460845874444,0.022480672540972045
1222,0.01714876004808856,0.02263847454188977
1223,0.016450084393999916,0.021738077663002515
1224,0.017602342204735284,0.02305278972291413
1225,0.01847006695444427,0.02394964143265263
1226,0.01960716643783351,0.024001312230576357
1227,0.02032191671442131,0.023853214259305828
1228,0.020069102287356845,0.023950499279185054
1229,0.020136225238094857,0.02361300852892254
1230,0.020286368996817083,0.02321569467317692
1231,0.01972049198742738,0.023113303081882853
1232,0.019721493807726215,0.023130207695483535
1233,0.019605357357313592,0.023468795887565976
1234,0.017992080179848425,0.023156497981225543
1235,0.01669926158957034,0.022278934051435044
1236,0.018047598708815327,0.02293393608611418
1237,0.01891690102271524,0.023476102168457583
1238,0.018704883042871167,0.023574266552922437
1239,0.01828745512319527,0.02310576427474848
1240,0.018504711012407898,0.022210288545724467
1241,0.019209118815453615,0.02275838040581971
1242,0.019352144172999197,0.022635430376332345
1243,0.017386649006032,0.022396612495693375
1244,0.018800692529074018,0.022468043620188543
1245,0.019517992063058792,0.022311491470516417
1246,0.02008459569581597,0.022926587033033352
1247,0.019818692951058512,0.022329182231443905
1248,0.019922479297129838,0.022556518794724947
1249,0.02116380251468785,0.021849289607125056
1250,0.020979362794089733,0.0225213455579627
1251,0.020828956277632052,0.023289012225631338
1252,0.020832812147564165,0.023758392091088435
1253,0.021405183219267054,0.024120934054380924
1254,0.020348660898488455,0.024146640481732144
1255,0.019294439312798693,0.023910417066156334
1256,0.020421878468467998,0.024224568469318888
1257,0.018937600782598617,0.023767308961672996
1258,0.0166607775515703,0.02317029212551736
1259,0.01858367074662357,0.023979391414810584
1260,0.019321382569061695,0.02414857852472155
1261,0.01922376335270401,0.023813653192226218
1262,0.018360578989037285,0.023144249419264337
1263,0.019667862193506257,0.024120065030914108
1264,0.019982921747661177,0.024278911796615774
1265,0.019914224566982455,0.02436346480858852
1266,0.021158311613317646,0.024924383622566125
1267,0.020640426039976692,0.023981643525350864
1268,0.02004736077377376,0.022142126693541236
1269,0.021195384063919267,0.02317155713610066
1270,0.024645437306659437,0.02510531564193316
1271,0.026642071478781088,0.026059347315655366
1272,0.025945151706547237,0.025717266423358046
1273,0.023005137048601996,0.025869833797966008
1274,0.02047707314757407,0.025532926617629396
1275,0.019419358654392836,0.025340088331129492
1276,0.01724247370956199,0.02338678330275184
1277,0.017675430424582837,0.02287477078714611
1278,0.019130150508188896,0.024012446243065533
1279,0.019358662617095485,0.02413474189059934
1280,0.01898148375743073,0.023104191003848154
1281,0.01947556539527422,0.02310734697256137
1282,0.019988300479194896,0.02248267219439319
1283,0.020716039913177244,0.02334175713383271
1284,0.020979245603472366,0.023571311531221353
1285,0.02131297888908319,0.023518879769852053
1286,0.021304002980527616,0.024104490713684118
1287,0.021477940887157505,0.024010648440217226
1288,0.021954572805982515,0.02431465974579684
1289,0.02224368351043101,0.024140449176196725
1290,0.02184904110620164,0.023389642331995465
1291,0.021397292282990112,0.022332533086844946
1292,0.02190397758527048,0.021484630467445205
1293,0.022343124438480532,0.02128684254510623
1294,0.020761392294171704,0.021905826645718798
1295,0.02063845446517319,0.022380316764817828
1296,0.021985327128036726,0.02447641812004307
1297,0.023124187051763872,0.025519434847445902
1298,0.02326091215827173,0.025700339403003945
1299,0.0234015116023056,0.024991452973467377
1300,0.025036255213949532,0.025437069086928353
1301,0.02456408527723112,0.02596847177166553
1302,0.021832473656291245,0.023112351198244716
1303,0.022985784452234006,0.02338667912467738
1304,0.024298867598657632,0.024349609043767574
1305,0.024413171396586393,0.025306208523433956
1306,0.02134921143957593,0.02527363041227806
1307,0.02047513732777736,0.02448113548424939
1308,0.020125275915461142,0.022671842117055727
1309,0.0203208158893852,0.023965686328145226
1310,0.020321383402848378,0.02364526246243631
1311,0.023638375134477526,0.024488777263669794
1312,0.023865223815324577,0.025099979340045167
1313,0.024497689680397967,0.026313989288597454
1314,0.023821718970165787,0.02653325641404666
1315,0.02291790487102671,0.024915180553771184
1316,0.022815815788239685,0.024885769695893987
1317,0.024220455824995105,0.025139817416748717
1318,0.025405972759735253,0.025808932577824503
1319,0.026042552366205455,0.025815643639461993
1320,0.025560523154979906,0.02535960160920626
1321,0.024803769156329487,0.025405865847104653
1322,0.022547936053254728,0.024640133382928163
1323,0.023608520885109282,0.025851173669368302
1324,0.02434647454554062,0.026073908362762358
1325,0.024436964989587463,0.025596784146933844
1326,0.02432121382784661,0.025734864217565916
1327,0.025046715776482594,0.02574225095621665
1328,0.024095545785112315,0.02506314051232694
1329,0.02336225297796489,0.025731109925433513
1330,0.022733148163761503,0.026124627061217088
1331,0.022161089678091054,0.025825269352984046
1332,0.0209026699715424,0.02507292190193529
1333,0.02048929181826758,0.02492691850587447
1334,0.020482401549327584,0.025422906631504143
1335,0.020385777904505978,0.02510350261878578
1336,0.019395983974116397,0.02448384380391976
1337,0.02153262863521357,0.02582091810069527
1338,0.021336801190574014,0.025967908457246835
1339,0.020821926784589252,0.02488093375484562
1340,0.02269088436304496,0.0247900453263546
1341,0.022668115234636136,0.02444516194693161
1342,0.02251622520183563,0.024100207288551057
1343,0.02361547982581359,0.024627466446040542
1344,0.022290365681895533,0.024246970095344267
1345,0.02020631252510497,0.022396335865229988
1346,0.02074710131536083,0.02296670042781526
1347,0.024849742729999246,0.024835909843855815
1348,0.026586655726929774,0.025823736059235835
1349,0.025727550901591793,0.025750480850842333
1350,0.02490729168698021,0.025518885043935024
1351,0.022931112006388314,0.025025583805353586
1352,0.024975814810288217,0.026143123576957465
1353,0.024704595523688307,0.026059561673393034
1354,0.02382861096226307,0.024171716570171135
1355,0.023939320918783005,0.024101065079683685
1356,0.022617090713578283,0.02443338293532856
1357,0.021555192720124555,0.023904617948351883
1358,0.02050877078029373,0.022578634698189954
1359,0.021413458920353463,0.02372910336964454
1360,0.020778748687103523,0.023771204731793748
1361,0.022203068351363736,0.024858799381241862
1362,0.022096603575199932,0.02518747580533027
1363,0.023115734923214795,0.02546525618860398
1364,0.023094665524307598,0.025624750066804355
1365,0.023797345446919246,0.025811313586871238
1366,0.022328239938289658,0.025052693716431543
1367,0.02249935793112745,0.025241954243305484
1368,0.021891869609178664,0.025281087051504454
1369,0.021290054217143473,0.024114206717511688
1370,0.021901797405218155,0.024602951720878074
1371,0.02215262965582083,0.024948909400714165
1372,0.021220637690938765,0.024210470056564157
1373,0.021070909054465747,0.02439320611663081
1374,0.021080666040791715,0.024388668061120517
1375,0.021023945984789266,0.02473847709789171
1376,0.020661549159890436,0.024225243218999507
1377,0.021387483947966898,0.024758845494766413
1378,0.02263940975458119,0.025952857795426453
1379,0.022244059479966816,0.02605488560290358
1380,0.02184404569537346,0.025781657971067396
1381,0.022226706352549183,0.02584462804377537
1382,0.020779732870969576,0.025051556589990056
1383,0.02088117456445221,0.02571868238201325
1384,0.02105264816892711,0.026004937120206625
1385,0.021692371515011494,0.025464645307351964
1386,0.02208038788024567,0.026407690309414585
1387,0.022531896907651682,0.0264897625353394
1388,0.022353531904905403,0.02679961408935384
1389,0.022379746080683816,0.02712572090567812
1390,0.023013405987688782,0.026978649213978224
1391,0.022785592466622775,0.026910608188873246
1392,0.02290167060141054,0.026550853288531955
1393,0.02191945266030765,0.02549958909784157
1394,0.022500521588425058,0.02629178205985118
1395,0.02296999107084298,0.026922252742415054
1396,0.021457058458909672,0.026321493093953
1397,0.022551034146397187,0.026890797920270815
1398,0.021640710339865584,0.026412796745185752
1399,0.02144506337172772,0.02562629071755145
1400,0.020491753695206574,0.025061015384788023
1401,0.018970889832654998,0.023834880761293354
1402,0.01978689668723888,0.025804889885106354
1403,0.020778812627204084,0.02605481090720621
1404,0.02071004375125225,0.02613847676527711
1405,0.02133567520904778,0.026605383723302456
1406,0.021765679372795027,0.02712388324086177
1407,0.021535833592545163,0.02604442636773849
1408,0.021220967037069802,0.025638548527294264
1409,0.020896115976920003,0.025496487884978793
1410,0.02077253957173569,0.02556658203720209
1411,0.02124888660727108,0.026798688680759197
1412,0.021236005688816794,0.027114255054555197
1413,0.020421596430122826,0.025917204180484245
1414,0.020090248674380105,0.025610529714152588
1415,0.021210763890741807,0.025705106001274253
1416,0.02014212730938011,0.023936508292829298
1417,0.01917267596722655,0.022539032615558
1418,0.019223416468621475,0.022498710511740357
1419,0.020718573014436546,0.023916807556373366
1420,0.02063121580059005,0.02486209602701493
1421,0.019920324850598674,0.02448213816643887
1422,0.01879906330502341,0.0239471744252201
1423,0.01924906990968304,0.023462206471120076
1424,0.01929202904223602,0.022839955246613565
1425,0.018857815405545646,0.022541497104184426
1426,0.019966925582300298,0.02339913672676088
1427,0.019914717003768474,0.022251872472669455
1428,0.019960387382662554,0.022290440461069698
1429,0.020217062811979308,0.023136151518726035
1430,0.019718177527365335,0.02310409646197299
1431,0.018763041045953676,0.021773876434851454
1432,0.0225505985184818,0.022915035703158587
1433,0.022921730419140487,0.02355885917694763
1434,0.023731336820895926,0.02338002964531404
1435,0.022554270034921997,0.022584632822367442
1436,0.021581753220139437,0.02146629989735963
1437,0.022461282397886227,0.02168305000846593
1438,0.02545627573214142,0.023710362129371946
1439,0.023806363261436585,0.024008132098900355
1440,0.022475653539326405,0.025241512863859047
1441,0.02220385332756646,0.024387557344843852
1442,0.023085084468788042,0.025328883928121305
1443,0.02365369572744132,0.026962945488399816
1444,0.023016971998895686,0.02661920741253915
1445,0.02005028265870055,0.024722601446895205
1446,0.020017390618615304,0.025544303080406353
1447,0.01965373275863815,0.025960089732128152
1448,0.018919769849171333,0.024705328065841737
1449,0.019004175955919043,0.0245664127449806
1450,0.020877354595839025,0.027027653580794238
1451,0.020796523440881506,0.02651098126186836
1452,0.021594024254556532,0.026534110879097333
1453,0.023463722826805634,0.02681834591032986
1454,0.022354709628399572,0.026499114635212272
1455,0.020884250156197486,0.02552049582438472
1456,0.02081809364811423,0.02475072185822002
1457,0.02260874875015502,0.02540647961802499
1458,0.021264848395645346,0.025014499088048685
1459,0.02077248675980323,0.023731737877398806
1460,0.020408367472338994,0.023534075778279373
1461,0.021529460095098544,0.025168095762984632
1462,0.022983219031294556,0.02647664320522515
1463,0.022152914317853694,0.025958524760231635
1464,0.021301429524706386,0.025380745237391273
1465,0.02170141521066909,0.025327417676545432
1466,0.020402921235424504,0.02400260138406994
1467,0.020248185891754356,0.02476616586590149
1468,0.020232711494012984,0.025409280524746752
1469,0.01941252110345072,0.02430622159361736
1470,0.019032267393648678,0.02437041880354125
1471,0.02033707650524764,0.02556545647976319
1472,0.019334856135173027,0.024563666588956444
1473,0.01897318156724367,0.024464652544258003
1474,0.018964481332276947,0.024667859455450268
1475,0.01867247646456096,0.024120490295275902
1476,0.019619868244681444,0.026110030166179153
1477,0.020848978698919694,0.026788905849265875
1478,0.020151817231688587,0.026361118824878092
1479,0.02044008289418701,0.026587114861331005
1480,0.020237010240173898,0.02628115436538772
1481,0.021334507102144965,0.026705479219568305
1482,0.021009067060365042,0.026729756548581635
1483,0.01982337228221372,0.026245041887401056
1484,0.020229540616751647,0.025884752927962443
1485,0.019849997785862807,0.026056114685455246
1486,0.019546602048572396,0.026399866934580036
1487,0.019389612033766317,0.02623524316166569
1488,0.019450152950271655,0.02665410663009228
1489,0.019998597840779654,0.026167272980390982
1490,0.02021489589650532,0.026341211896391537
1491,0.019464159918239063,0.02595225069488267
1492,0.01928864876868221,0.0263176385961397
1493,0.01909620183612088,0.026524459905437683
1494,0.0196303562270837,0.026587197126503755
1495,0.019731725320638924,0.026279371769475254
1496,0.019523550039021925,0.02582648569001887
1497,0.01976742520198909,0.025821806944879865
1498,0.018448121385049903,0.02469462783135629
1499,0.01862794495385691,0.025129515316709317
1500,0.018251813010485854,0.02620444173799773
1501,0.018231786817725554,0.026417412691981126
1502,0.018059344380599505,0.026126045336460565
1503,0.018086463963331845,0.02517226533832925
1504,0.017970915968166606,0.026138378094756737
1505,0.01838873709262147,0.027545385858913835
1506,0.01882649441211389,0.0273651315748598
1507,0.01866189124518477,0.026876286812103727
1508,0.019182323565369655,0.026784937405056487
1509,0.01879810447485186,0.026266423194482382
1510,0.019222046159696374,0.026814644562545092
1511,0.01924529168556638,0.026503923235406197
1512,0.019867623638939222,0.02551767458744831
1513,0.019616359992471438,0.024894022096809063
1514,0.020212236360782905,0.02579700478975089
1515,0.019537242807816955,0.026106898741689012
1516,0.01949964698761886,0.025966302373217988
1517,0.018791938135246943,0.025240684635283922
1518,0.017726725078912937,0.023456047024975096
1519,0.019583839303461605,0.024419201578743513
1520,0.02041306586816892,0.025055378558056438
1521,0.021181364983323053,0.024752510147427603
1522,0.021203717716799415,0.025338861017181316
1523,0.02120168617718261,0.023957659614243905
1524,0.020993228175076158,0.02449777293139738
1525,0.0212208549809522,0.026373553281254975
1526,0.0207537991077189,0.02718062447014071
1527,0.020385785384303245,0.026987980626627425
1528,0.01966946394183594,0.02632225162064368
1529,0.01944248504857396,0.026255106616884245
1530,0.019229081974959924,0.02574055276702622
1531,0.019558010988869154,0.026250368732116787
1532,0.01884446972849808,0.026321399056589086
1533,0.017464916092887105,0.025473563460821292
1534,0.017286379031438044,0.024545217496165065
1535,0.017978821406530374,0.02546745998416832
1536,0.017900277310328096,0.025486781149377736
1537,0.016706073826425857,0.024361118587470195
1538,0.015475169303840679,0.02197898784610736
1539,0.020275751801360355,0.023652870879539913
1540,0.02369431405211188,0.026196856320648765
1541,0.02385919727343863,0.02639588338975673
1542,0.02252955659596328,0.025857919157565645
1543,0.01956644613368533,0.02630402536152454
1544,0.017684697365972748,0.026044873467294106
1545,0.0171947205578017,0.02536845506617201
1546,0.01684457458556392,0.025087608052977363
1547,0.016973602663870564,0.024577654135286255
1548,0.017532674902190685,0.024442763785770857
1549,0.016639074992494583,0.02465239430591719
1550,0.016393224972635213,0.024943032645760116
1551,0.017034565713826645,0.023990687406927676
1552,0.019196901094412164,0.02519859345051527
1553,0.02028698362935074,0.026210200590645796
1554,0.019656647245121815,0.02622733756147648
1555,0.018657033823011683,0.026343730090410793
1556,0.018644653305109164,0.026500193603424867
1557,0.018669372041421554,0.026191327694010363
1558,0.01850793448866555,0.026280941032899106
1559,0.01917044218056976,0.025708165955347105
1560,0.019231347471103076,0.025329174256326473
1561,0.018826638952210623,0.02544264247899301
1562,0.018793135250260544,0.02423418587531669
1563,0.01896424348081332,0.02516322081234805
1564,0.018481815427056188,0.02504582232956432
1565,0.018075062654020178,0.025613891245349095
1566,0.017430493375559707,0.024617984992585027
1567,0.01892086958956066,0.025824830269128057
1568,0.01899111315300808,0.02580491074272721
1569,0.01930359169102362,0.025867896506217052
1570,0.01855507250778972,0.025360674222650342
1571,0.020257802477840658,0.026241202246538597
1572,0.020272384107396724,0.02640712019507315
1573,0.020143124844889067,0.02610374109638646
1574,0.02042506052430753,0.02629674308910709
1575,0.019654665280311227,0.02529898627064587
1576,0.019769524978400777,0.02603381572755667
1577,0.02059101545972714,0.02602243566879214
1578,0.01995476438223197,0.02376209725510107
1579,0.02052048807208973,0.02169316820643494
1580,0.023277309926441864,0.023882779275548785
1581,0.0214494950529834,0.0236615107369209
1582,0.02035971666723277,0.024941634040580904
1583,0.021181861692049834,0.025346775726748937
1584,0.021526282431682735,0.02445347714266678
1585,0.021932832915025194,0.024298243581686262
1586,0.02218874622105557,0.024777062994216198
1587,0.021968841630265145,0.02509544909935438
1588,0.022068109208959377,0.02488708395063029
1589,0.02112418536407287,0.025156847506229645
1590,0.021359287934704423,0.02573639083367595
1591,0.021105074689416893,0.024965781915467066
1592,0.021449552420966012,0.02448762810255527
1593,0.02072678062525787,0.023706572021327862
1594,0.021066772991461973,0.025801538088158195
1595,0.021578705013445283,0.026210511706390046
1596,0.021357290881079172,0.026008598280973873
1597,0.02070294549488834,0.024800074720611905
1598,0.020907310680128407,0.024317232986882643
1599,0.021292221504394422,0.025633533472805725
1600,0.02210375346289881,0.026512719846996324
1601,0.021312104196037487,0.025908943710875765
1602,0.02137732198513602,0.02586925930143557
1603,0.021990837255728594,0.026314145664602977
1604,0.022095986287198534,0.026233632954126167
1605,0.02159607364991093,0.025353687532282027
1606,0.022242175559429235,0.025571119917858088
1607,0.02207308697871015,0.02572922540698983
1608,0.022504813266860622,0.026714374379176686
1609,0.022759339186716382,0.02648294189985103
1610,0.021954301060003685,0.026150631356855605
1611,0.021441063686500818,0.02646205404131206
1612,0.021235668700853888,0.02611312610733331
1613,0.02133614588665942,0.025370312267203914
1614,0.02114228835379382,0.02614115152748363
1615,0.021235822493392332,0.02686339598347704
1616,0.019816044147661627,0.025816862346863836
1617,0.019529236144884828,0.02437536529867104
1618,0.018889434284807237,0.024326946040157678
1619,0.01951314759496234,0.024685564114165552
1620,0.02123110052120601,0.025233236605161188
1621,0.02118212841588813,0.02547633203483874
1622,0.021290388957949845,0.025828178213723123
1623,0.021523048506124687,0.02641243512089409
1624,0.021561790649975616,0.02697253174656861
1625,0.022315176940304243,0.027547451971231984
1626,0.021782740555353258,0.027440084415177608
1627,0.02023706235811641,0.026773224587339977
1628,0.020264610352567207,0.026414667080470255
1629,0.021005898028180967,0.02608154054541261
1630,0.022094874785559753,0.02700020981913209
1631,0.021499739748529693,0.02682462545569637
1632,0.022288442377937513,0.027198566639108003
1633,0.020941819732702857,0.026996108292795692
1634,0.020882353454659938,0.027084389151912237
1635,0.021181202253935806,0.02684672032951643
1636,0.021473090869791833,0.0269607156883981
1637,0.021762666006303347,0.02682495938978624
1638,0.021071980887530335,0.026734110872140063
1639,0.021732020846030122,0.026554713779900214
1640,0.021232958165700803,0.026224893985687683
1641,0.021032902746274725,0.025951310611083134
1642,0.02117251589876112,0.02628883458380136
1643,0.020508913145042787,0.02589238900129681
1644,0.02126395952545938,0.026734588000504968
1645,0.020288696477370124,0.02585513334434709
1646,0.020448693202110606,0.02616277933678699
1647,0.020212409995054505,0.026572240128258543
1648,0.020253422476989216,0.02717028504202242
1649,0.020653313950580947,0.027236915232825135
1650,0.020386052734037804,0.027059135306877185
1651,0.020415647935051733,0.026510230273247906
1652,0.020405943507021195,0.02673912484279402
1653,0.020717837038920477,0.026503944863158182
1654,0.01994667900225613,0.025337034486160447
1655,0.019714375060804746,0.02521217802436098
1656,0.020668323092711702,0.02530255470717984
1657,0.019752269521075352,0.025112983746648977
1658,0.02017243647086371,0.025420982661103455
1659,0.019726015781175724,0.025093836114244445
1660,0.019606155876494464,0.025285422193717946
1661,0.0203909221995277,0.025174376442297947
1662,0.020645783515015302,0.025126686877587203
1663,0.019795895927825418,0.024542788817662392
1664,0.02015534456791112,0.024987889069899773
1665,0.02061485929667738,0.025297032220962336
1666,0.020894760120989026,0.02532450307502134
1667,0.020281556740385384,0.024310861861723515
1668,0.01970956658556055,0.023540578723610824
1669,0.019473481215316883,0.024342407750490555
1670,0.019985718184424805,0.025367904928792356
1671,0.019458451023769568,0.025861333705253935
1672,0.02016691214754754,0.025978932008012292
1673,0.02050512577802325,0.026458682005287164
1674,0.019534860753603202,0.026132297941539116
1675,0.019402012316684165,0.025529149454062074
1676,0.019232172393195506,0.025056317181488635
1677,0.01987879499032583,0.025892546709623526
1678,0.02041515647954117,0.026219292432655566
1679,0.021062174353242088,0.026579058969249364
1680,0.020982289612063006,0.026778347029123985
1681,0.021111274737610364,0.02654046164287821
1682,0.020357089282716928,0.026466601517452337
1683,0.020022325423134948,0.026597204542714723
1684,0.020120150708644757,0.02672393227171969
1685,0.02029659061534122,0.027041714545142516
1686,0.020235411593981775,0.026394758852770234
1687,0.019273906791193476,0.025674912862971536
1688,0.019648229110497385,0.026077911086895465
1689,0.019849741153735098,0.026271149078319542
1690,0.01994419710151995,0.026365050990557002
1691,0.019902139178024393,0.02686710189222277
1692,0.019792855020602178,0.026516910481974115
1693,0.01954117750477367,0.025505501424289426
1694,0.019726034971838478,0.025754039625765703
1695,0.020477341167453665,0.02596275721770849
1696,0.01853917376653734,0.024964022559129044
1697,0.01940664360472501,0.025581490153992872
1698,0.019575981912538107,0.02603401984675944
1699,0.01850664585013424,0.024495381107603523
1700,0.019628848750386833,0.024755459653058233
1701,0.020316394258790293,0.025791127683257743
1702,0.020616947944362106,0.025722222880921835
1703,0.01934834184540259,0.02429338876507888
1704,0.02033008701067285,0.024066051226102662
1705,0.019475789062828326,0.022796549438690743
1706,0.019884578866176717,0.024238284476723746
1707,0.01950848397355945,0.023816684017252815
1708,0.019546463250110956,0.02476589964288426
1709,0.019549287087949577,0.02518585246459236
1710,0.020358590603861238,0.025552728127735524
1711,0.020478846518881808,0.02519092635979651
1712,0.019597001129860986,0.025307657675919203
1713,0.0190947696316334,0.02436919791462167
1714,0.02033581669341336,0.024221786032190953
1715,0.020201159928373947,0.02370715153718635
1716,0.020019329109945777,0.023499139667574366
1717,0.022712613505548887,0.023328382069443057
1718,0.025076061772539744,0.023428721266794142
1719,0.022425302227721117,0.022883917239724338
1720,0.021271017077757665,0.025068031069235955
1721,0.02136514156289091,0.02559689733771533
1722,0.021806080537144105,0.024722896661214737
1723,0.021006966109449403,0.02522398238781996
1724,0.02157098245992055,0.026076775020557504
1725,0.020959529319530146,0.025928177847123493
1726,0.020245408983388877,0.025775739972242237
1727,0.021015653340638606,0.02554850083931458
1728,0.020494768810820855,0.025783513259805196
1729,0.019714435544069448,0.02623890034539059
1730,0.019242066561107874,0.026199759153701072
1731,0.019163091642868103,0.026930094461450473
1732,0.01981325756654816,0.026862459893602135
1733,0.0195030162928489,0.02698353585327917
1734,0.019953216601592407,0.027153920233208877
1735,0.01934253324011965,0.02667509366183378
1736,0.01941094585992758,0.026552207916798663
1737,0.019054511106169656,0.02633164956722559
1738,0.019636475136636657,0.026611816898825313
1739,0.019693173829451318,0.026561082023800243
1740,0.020022289224143626,0.026607601855808787
1741,0.02019179700427057,0.026763764884693154
1742,0.019363937886963136,0.02715409182777952
1743,0.019273872104679287,0.027140801154024705
1744,0.019457658671665042,0.02721664731316229
1745,0.019328110424743614,0.027064484000042324
1746,0.018909676962232055,0.027325890966850074
1747,0.019685820823420845,0.027316653428346844
1748,0.01831702977144026,0.026811980933289296
1749,0.018123426560958302,0.026453023608823588
1750,0.018098016490487073,0.02647336860983104
1751,0.0180870440047067,0.026785407282261777
1752,0.01695330238267063,0.02578657114751972
1753,0.016429972065222356,0.024960639296957028
1754,0.016726389241265332,0.023912225390817027
1755,0.016793764284626034,0.023945155579520223
1756,0.01696001811042859,0.02485789941133525
1757,0.015980215877933693,0.02404067519110791
1758,0.015386606267290201,0.022354889501924997
1759,0.018106605406266758,0.024455428881661388
1760,0.01770342279862825,0.025492008395174744
1761,0.017059923405768687,0.024371531570380883
1762,0.01799405800513982,0.024743773684049165
1763,0.01811085504683701,0.025583825746525003
1764,0.017804114994921884,0.02577554461265497
1765,0.016554283856178267,0.02486050907633144
1766,0.016625514004790967,0.024951471952965973
1767,0.01606483101241206,0.02424684514797668
1768,0.01590464355949065,0.024415428811141983
1769,0.01644882106584805,0.025165729237216647
1770,0.01613651867286075,0.024899341282369928
1771,0.01583597741166003,0.023907701133970425
1772,0.01627620749417713,0.022814947099129384
1773,0.016185595165010534,0.022467710410433925
1774,0.017051769100780358,0.023497198632157355
1775,0.0172389185311327,0.02425811842485369
1776,0.016942385024550855,0.02511297221425649
1777,0.017118444737526498,0.025691433784592977
1778,0.017642147980318504,0.026054458842887773
1779,0.017919773474000665,0.02511072091310423
1780,0.01796428766338,0.025058474078560784
1781,0.017254135923287898,0.02571881040594251
1782,0.01740082572111955,0.02532041203797802
1783,0.01768742962062499,0.02611876624646
1784,0.01749434932602596,0.025696831087103734
1785,0.018073386111189662,0.02523581747194766
1786,0.01944460609205875,0.02560879329693613
1787,0.01786796395560458,0.0257114234928698
1788,0.017095455011516922,0.025068198893253853
1789,0.01767408623626175,0.024323940744988486
1790,0.01864422491435246,0.0247456226831687
1791,0.018607723130941813,0.025478079153366133
1792,0.018814505044455664,0.026083590383986322
1793,0.018434996061238232,0.0258890651290314
1794,0.018508903364446837,0.025470551718812164
1795,0.017873388700531408,0.026108995729095044
1796,0.016504147487961075,0.024561587778816358
1797,0.017805973962322575,0.025287006528328826
1798,0.016448045689314482,0.024506574436233032
1799,0.01753501593916755,0.024359612810183937
1800,0.01873729127575685,0.024802388610261218
1801,0.01818985300733428,0.02402167574402612
1802,0.017712754499810905,0.025383804078806776
1803,0.01732086322737213,0.026353943619719575
1804,0.01813446360740373,0.027079891159551013
1805,0.018621597659694494,0.027242135257424804
1806,0.01819110058771853,0.027020761084577384
1807,0.017987431241509148,0.026789829815913626
1808,0.017664279788377008,0.026413004580039944
1809,0.01756109138679151,0.025795874296068947
1810,0.01745321711377602,0.025552172493786877
1811,0.017673510605446023,0.025400479668278776
1812,0.017369212894046412,0.02442506052889701
1813,0.018951800564954678,0.02535364759019883
1814,0.02151402269579007,0.027054228599408238
1815,0.02268772637595397,0.02764509010764895
1816,0.0220581931637041,0.028331110060730254
1817,0.018241899138007896,0.027557180337601128
1818,0.016241803166291556,0.027202057366363618
1819,0.015007495455829694,0.026017774347784517
1820,0.014437372828081019,0.024675039905080434
1821,0.013749480455565616,0.024199827956820796
1822,0.015079650193339586,0.02542368103689406
1823,0.015003877927490406,0.023334799321224533
1824,0.015675166307657355,0.024578785809145114
1825,0.016772696247986732,0.02561920854228365
1826,0.01699427934202539,0.025578120753279636
1827,0.016012017748999813,0.025905691721709787
1828,0.016144593660722965,0.025448287531516595
1829,0.016022417014347447,0.02572909175918439
1830,0.016356907830122218,0.026282749219123977
1831,0.016212568847825154,0.026125708640209747
1832,0.01629695012641591,0.026049406159530445
1833,0.016431790285238168,0.025661756509730762
1834,0.017584056052889794,0.025893192802218905
1835,0.016566516947299263,0.025615255021622044
1836,0.01744561537145191,0.025778851825814866
1837,0.01835423159761097,0.02628945854900958
1838,0.019180835226541397,0.025529788696197014
1839,0.018882333014305912,0.024547837985185107
1840,0.017916672933670306,0.024916666034301666
1841,0.01913469066773238,0.02700318539756067
1842,0.019234977131659513,0.027883112462446815
1843,0.0185854245080057,0.02801810738286899
1844,0.018875447603339545,0.028308287276407038
1845,0.017618471645743903,0.027355116876816573
1846,0.017585007552874253,0.02760183188899531
1847,0.017485559132617946,0.027924235108525125
1848,0.01703771853665842,0.027527951306590127
1849,0.015798556787554038,0.026086025217112573
1850,0.017742938002119665,0.027510070710187674
1851,0.01823788341621237,0.028386942455374778
1852,0.017811992111928403,0.028002064465936807
1853,0.01716655867946694,0.026456920192721296
1854,0.01678822591047066,0.025568506578926817
1855,0.019135365598509813,0.0253636173253211
1856,0.021823592679846605,0.0277981783985188
1857,0.019190838118124987,0.028192078517674732
1858,0.017829563993144656,0.025752344600042845
1859,0.017857897668970068,0.027011973062465906
1860,0.01735112508971359,0.02706526712387047
1861,0.01637316514966744,0.02611712575017336
1862,0.01820374845758381,0.025971997994065892
1863,0.01948791738960631,0.02672558933974171
1864,0.019714787556522225,0.025598105431537874
1865,0.02075131149593797,0.02542090719582982
1866,0.020915446530524167,0.02652744087573521
1867,0.018892034261790955,0.025946551448962924
1868,0.01974680384373851,0.02575443634478308
1869,0.018490619381575393,0.024735048627112025
1870,0.0193446969850112,0.025922655517025793
1871,0.019235174383155217,0.02609746660208874
1872,0.018054745847902554,0.026940303757571425
1873,0.019014892755223715,0.02745387732393439
1874,0.01908143879574562,0.027596793810596106
1875,0.018222782251017616,0.027363461049096087
1876,0.018945704703055462,0.027672359993063802
1877,0.01817670932715889,0.027034166204699943
1878,0.01968115322748119,0.02892930501447869
1879,0.02059963701070561,0.029902355513979576
1880,0.021496656435518662,0.030288257843788503
1881,0.021083903128134216,0.029663926463335277
1882,0.022133491177755742,0.03034869716894997
1883,0.02242599938115346,0.03057300559858392
1884,0.02243747293647503,0.030751765087651376
1885,0.022487644842926573,0.031095356961159656
1886,0.02227116885453786,0.03106797261136253
1887,0.02237333051617229,0.030917522316792324
1888,0.022729786692488794,0.03101418331446689
1889,0.02245005097096587,0.030961927738323423
1890,0.02285227484844456,0.03089538300338516
1891,0.022393860116907558,0.030817686243204745
1892,0.023025696077529977,0.03103844165510218
1893,0.022901982042694478,0.030821784639399732
1894,0.02349011522550297,0.03087922637124077
1895,0.02322312712128873,0.030586324889065576
1896,0.023353909718428528,0.030804231666238288
1897,0.022408664774546436,0.030894968692288936
1898,0.02238545575061066,0.03040900226859361
1899,0.022573792973457008,0.030421851051145737
1900,0.022079247594709566,0.030855528496971527
1901,0.02112655418945357,0.029853955981772158
1902,0.020483573247960452,0.02909780581992254
1903,0.020047100529091474,0.029211217911187137
1904,0.020977965219223977,0.029611585266960973
1905,0.02144293060696025,0.030290638479847302
1906,0.021927173918635363,0.030770194708023554
1907,0.022374922947276246,0.031239710754154174
1908,0.02156726305580661,0.03130700543661589
1909,0.021549534727761093,0.031257585051509384
1910,0.021926212425327263,0.030974205734746244
1911,0.022338804811334406,0.03113567483336583
1912,0.022702406826759735,0.03196613206614296
1913,0.022546011978515124,0.03203964704829371
1914,0.022765460652209184,0.032131687645109284
1915,0.022237507870524587,0.03177069065620701
1916,0.021047799202239134,0.031367662412816626
1917,0.02210647607946016,0.031146657343132947
1918,0.02273507653159345,0.03049657044717605
1919,0.022515628240788028,0.0307575522318776
1920,0.022435487949404666,0.03112630030638051
1921,0.021203794122826018,0.03108501703656522
1922,0.020678890835422056,0.031192613457204223
1923,0.020712544967850213,0.03076130897997478
1924,0.021532867374611173,0.03034599274661926
1925,0.022381277042805008,0.030064060486325615
1926,0.021294365297339024,0.02968355701866657
1927,0.020851309530894997,0.029345889131574775
1928,0.02095052183375589,0.029710911140054478
1929,0.023640830723039668,0.029829771147457683
1930,0.024283962898311,0.029928524413472702
1931,0.023454051188699625,0.030281065928271306
1932,0.022795636234812445,0.03025580116643521
1933,0.02362983993241655,0.030023719518268186
1934,0.02274689319213696,0.028231099725944824
1935,0.02158486406982757,0.028388723086814213
1936,0.02118705550378448,0.028437734614684178
1937,0.020381021561966646,0.027204206140665814
1938,0.020492946883647667,0.027102161200611766
1939,0.021688384165483996,0.028056569382130685
1940,0.02167392404644255,0.028237429952617674
1941,0.021335831078621713,0.02835627003586185
1942,0.021099203267721627,0.028050572118000317
1943,0.021298647674296654,0.028068459534274243
1944,0.02044843973146366,0.02739017436541912
1945,0.0203767336918787,0.026841049561749347
1946,0.021187569635856527,0.026929342977330146
1947,0.02071600657565439,0.02677023385026223
1948,0.02047737801109027,0.02732228469380887
1949,0.020908496858113912,0.027351786054473366
1950,0.01980194983083764,0.027273786402825427
1951,0.01972307985457085,0.026690108571197177
1952,0.01974561807542477,0.027151603721144765
1953,0.020577142619530843,0.027204257336846432
1954,0.019705265828441416,0.02677850909474552
1955,0.01930795730914573,0.02690445473210373
1956,0.018509295555915146,0.026210046849431647
1957,0.019122536048641364,0.027895235393110347
1958,0.01917588962354184,0.02796939505644048
1959,0.019679835068733526,0.027635620692677828
1960,0.01964707447103373,0.02742130494069083
1961,0.020238938080540343,0.02702853383808452
1962,0.02048326833933627,0.026028210097877293
1963,0.022857643557101136,0.02603137165702949
1964,0.022363309675413424,0.02667459831916968
1965,0.022651633988638148,0.026959546670609423
1966,0.02226930072362222,0.02658942886914945
1967,0.02129850918344184,0.025488441265359818
1968,0.020461668465532427,0.026917228399108428
1969,0.021883694152901104,0.028349581533969964
1970,0.021551894587134413,0.028212342170273675
1971,0.021701168371965337,0.028133277630774084
1972,0.02163001637868911,0.028261041424892427
1973,0.02125343644158315,0.0281461432986503
1974,0.02067552501811144,0.028334257937152486
1975,0.019989250758075297,0.027949726314151196
1976,0.019547430752513726,0.027500722265221197
1977,0.019668898697150203,0.027721228373497803
1978,0.020068557736304334,0.028039414128019094
1979,0.019807039394754422,0.027609979773835926
1980,0.019993634302738438,0.027159822279915223
1981,0.020557406300704975,0.027481938360651964
1982,0.02076449391331605,0.02872222199752955
1983,0.020876773027902282,0.028362458868278338
1984,0.021476065935770446,0.02864898785402377
1985,0.0209854003603004,0.028605090988926822
1986,0.021534502281029096,0.02854267386226446
1987,0.02113803722031337,0.02765182671066253
1988,0.020988001104536,0.028275276790009754
1989,0.021814370778999226,0.028856550396029197
1990,0.02145305570080854,0.028951145365743485
1991,0.021085576193318155,0.028409640211263507
1992,0.02091363450329804,0.027997690640084946
1993,0.01928258958287908,0.024923098601004848
1994,0.018139342310891655,0.023816137060020094
1995,0.019991063538498752,0.027115617909218154
1996,0.02030554680343854,0.02772280055641789
1997,0.021166767723217766,0.028075001889045555
1998,0.019151311945725995,0.02749593874977118
1999,0.019521161280099356,0.027192507406861185
2000,0.019546137532316696,0.026820812576605697
2001,0.019409725128806746,0.027237702067084386
2002,0.018971865243341435,0.0263433198243622
2003,0.019990872040040054,0.026694276930504166
2004,0.020215793179121356,0.027151258058995216
2005,0.019204611675275117,0.027059950969358922
2006,0.019467650996600177,0.02666719994182114
2007,0.022231922697907646,0.02675855287644512
2008,0.019659867030104198,0.026499555430364894
2009,0.018685384329747975,0.026102978403463987
2010,0.01923984882791162,0.02595855635021429
2011,0.020617106588478564,0.026759648392622626
2012,0.020890561023484886,0.02674837833195468
2013,0.02218389806778408,0.02701653865688107
2014,0.021407202412081234,0.027245617625497362
2015,0.021148292485874912,0.02741959244353194
2016,0.020547093123971422,0.026181922609102775
2017,0.021362889862863683,0.027219007422848017
2018,0.020483862630925283,0.026502229541326566
2019,0.02336595410607785,0.025335857765806588
2020,0.02672453817581448,0.026272696277580717
2021,0.02453246014335988,0.025824589772277536
2022,0.02286287066761178,0.02594874746950569
2023,0.021278102888260323,0.026256727133258807
2024,0.02177631926646243,0.027300092954737704
2025,0.020848385147278534,0.02741539665158393
2026,0.020647864014922367,0.027085752367568074
2027,0.017972896524413993,0.024804931910263228
2028,0.019049042498214937,0.02587412845430725
2029,0.020894681206119283,0.027211188485346125
2030,0.0224679095809289,0.02689476774363826
2031,0.024963162832939347,0.02842035177169274
2032,0.025978914692397735,0.028500816433725037
2033,0.026801423922103725,0.028909897935895067
2034,0.027113999180549134,0.02936819323690772
2035,0.025616473196731958,0.028681002043286326
2036,0.02551179971602422,0.029373199919685136
2037,0.026752371980311777,0.029971955805820082
2038,0.026665102413641284,0.029649524038821717
2039,0.026011811751970766,0.029062654209319083
2040,0.023761833149050293,0.0272322078709393
2041,0.024779388449544,0.027549904129006236
2042,0.02480865690841968,0.02708801513099174
2043,0.023599926444176553,0.025690447989064866
2044,0.023565773049032367,0.026172305037860916
2045,0.020866730882226753,0.024300178821031974
2046,0.020059334872258756,0.02400970025132111
2047,0.024216256456243566,0.026766590116637536
2048,0.023766623348541488,0.026415482092318632
2049,0.022590070662191594,0.02668555197983133
2050,0.021511046686130915,0.026132855776835273
2051,0.022962680180804666,0.02707327712969146
2052,0.023743597148936132,0.02742551269424626
2053,0.022542759540929394,0.02714637423391692
2054,0.02216381000802585,0.02609205762845672
2055,0.022587070156656654,0.026280938827323547
2056,0.02344047302361996,0.027277604158051676
2057,0.02403923443840778,0.028047000017791503
2058,0.02259718767387578,0.028293945845799372
2059,0.023618445744622442,0.027534654836775082
2060,0.023762352800954314,0.027227021416834828
2061,0.02287227403975995,0.02577893416543373
2062,0.022854442328934313,0.026074852231546933
2063,0.02429814139955395,0.02742243875359211
2064,0.024539312810839188,0.028176167269663665
2065,0.02416585186244336,0.027476252205531747
2066,0.024497012970219837,0.028913845876384795
2067,0.023757686658537423,0.028989343319693727
2068,0.02414364771271057,0.029436847682123055
2069,0.02441512521376151,0.029433923049070006
2070,0.023230049862091828,0.028434734136427692
2071,0.023307783746114186,0.027410611334851703
2072,0.02330208779082077,0.026772452863851864
2073,0.024726363200895354,0.0277757903278217
2074,0.024345019988551233,0.028378924617676226
2075,0.024305580181740928,0.027664591469961364
2076,0.024292283547117148,0.027209870712340423
2077,0.02566828067587195,0.027536504286503647
2078,0.024925304671156185,0.027177378968702464
2079,0.024153219047458447,0.02786611594877307
2080,0.02151004980586126,0.025826741681397883
2081,0.022481942911036654,0.02755296722701091
2082,0.02032664378419726,0.027490373884500194
2083,0.018262903147005124,0.025976761719397046
2084,0.018576974222787514,0.025622059210876996
2085,0.02012890640306273,0.025381932922799538
2086,0.01907482719034472,0.026607341988382934
2087,0.018557378780548448,0.028921637007098547
2088,0.017746535816244233,0.028961077600844782
2089,0.01797800268802621,0.029045811978081364
2090,0.01789730148520215,0.029124437323436014
2091,0.017621975353074904,0.029149550160545143
2092,0.01780748857369544,0.029166068482648272
2093,0.01828983961141746,0.028683495824138892
2094,0.01766883205523247,0.028019520835636635
2095,0.01856913358882463,0.02831956963522437
2096,0.019630369961166273,0.02742245072197844
2097,0.019618873821256985,0.02562754347432833
2098,0.020892685135956983,0.026237641863732352
2099,0.02278733773929962,0.027369048976142448
2100,0.023083581361419282,0.027934106263217236
2101,0.021881097638284417,0.02768264483211999
2102,0.019367658494936702,0.027574533484790113
2103,0.01845666308962755,0.02736000448508778
2104,0.016897445355362545,0.026640367480530076
2105,0.017116272805169006,0.02696115950141593
2106,0.017607861137908097,0.026254220311324936
2107,0.01795480733540157,0.026341664072455882
2108,0.016851085589684317,0.026210188284169458
2109,0.01734187588027562,0.02622806750903348
2110,0.016790887048798702,0.025827243339264075
2111,0.017337237547680313,0.026111910827507755
2112,0.017601020216474975,0.02620190207613092
2113,0.017229785577045038,0.026019881517442178
2114,0.016447527186260344,0.026442709748478066
2115,0.015582500500199744,0.02662248713178602
2116,0.015161684294011917,0.026054252290599593
2117,0.016113975819243644,0.026353182936908453
2118,0.015943407379577168,0.02560012050595981
2119,0.016646778441085155,0.02423970776318027
2120,0.01832425113526258,0.025084326118356152
2121,0.017021030471578734,0.02515212322230186
2122,0.016673457051212176,0.024987439055217813
2123,0.016722939139358645,0.02530781681346616
2124,0.01788363658628594,0.02657173105695989
2125,0.017059402556516685,0.026155249425270075
2126,0.01760474574658244,0.02681017175057864
2127,0.017417772369567038,0.027113952405662608
2128,0.01775798801470439,0.02736601193046992
2129,0.018397629391702485,0.027263668170380922
2130,0.01905554648978408,0.02681372138834368
2131,0.019543678631925267,0.02635557085430748
2132,0.019632619362859795,0.02647563588603012
2133,0.01835752691685971,0.02535178834833574
2134,0.019608372359506097,0.0247967488449185
2135,0.022229593450526962,0.026698601569236598
2136,0.021831304272571288,0.02768857791948921
2137,0.01853819325516914,0.027553508998642905
2138,0.01689697677226222,0.02464658516198816
2139,0.017610149367140292,0.025692357309301923
2140,0.017437437460999516,0.026299773860841546
2141,0.017154604592737866,0.026569038489368563
2142,0.016621014763840137,0.025949947143701753
2143,0.017436036595254518,0.024624037342462542
2144,0.017496478023006096,0.024263805015465535
2145,0.019527193479410655,0.02503131895122487
2146,0.019743226751522854,0.02622830329245028
2147,0.02132351738930256,0.027999403516880315
2148,0.021658242191271215,0.028582927365542774
2149,0.02003504658095453,0.028311944375204425
2150,0.020122377423546344,0.029066306897517578
2151,0.020078155267009665,0.028676500972465095
2152,0.021219963538728657,0.029301196810515216
2153,0.02114984575249121,0.0292162524036634
2154,0.02045883860933721,0.028617717596083423
2155,0.020257571180340744,0.028254983115377344
2156,0.02138537892599129,0.027902604103662635
2157,0.0216468770816664,0.028993384775179376
2158,0.021619662098748958,0.02909593389278561
2159,0.021080099545723506,0.028283331165486696
2160,0.021435291829592133,0.02897919905002836
2161,0.02202907855066597,0.03010499415471356
2162,0.021873471523206865,0.029630169082012284
2163,0.02147045011213318,0.028934245185583223
2164,0.020052034282190302,0.027020004219058383
2165,0.019611395559586808,0.026485684781917207
2166,0.01947332303044665,0.027761974802886426
2167,0.02013735243338361,0.030528534912079113
2168,0.020843390730837602,0.030625166486227602
2169,0.02126023144032601,0.03025163235788786
2170,0.02175023273166281,0.030749910834141626
2171,0.0222476300799743,0.03015495065697529
2172,0.02244001208194448,0.031068807564633233
2173,0.023541394643257205,0.0317379880857477
2174,0.0230110031114595,0.03140215508976717
2175,0.0250605908752404,0.03279177060079621
2176,0.025113259932437938,0.032992385879755906
2177,0.024230652532442144,0.03267319525958543
2178,0.024279106714147878,0.0321300238097894
2179,0.024419554592724307,0.03193249213125489
2180,0.024226368334730394,0.03241335909901313
2181,0.024434791238154455,0.032646706113708415
2182,0.024370246117993575,0.0327278900174554
2183,0.025040585242882153,0.03285260851447563
2184,0.02487567054659122,0.032172775729080144
2185,0.025415410535143356,0.032980730128834145
2186,0.024211003835658218,0.03275581792937733
2187,0.024625755088422283,0.03176554089261343
2188,0.025146127865501026,0.03175465749824881
2189,0.025358068541444696,0.03246523481985783
2190,0.02358279701461923,0.03221210507465899
2191,0.022946747185263086,0.03195726069546688
2192,0.02258917926632439,0.03111452834901321
2193,0.022631928146500353,0.030245746887385013
2194,0.024462090265522644,0.03050838190498479
2195,0.02427538532041522,0.030689794349962867
2196,0.023308204766298895,0.030495888557361357
2197,0.023062375869849022,0.02985453915011208
2198,0.025242137184482077,0.030593964926158113
2199,0.025412442821889206,0.02986786324421244
2200,0.024415430007239006,0.030263866812030707
2201,0.02473979243528488,0.03096899669562671
2202,0.025318467848791593,0.030478265655227096
2203,0.023978780562796367,0.029063693273475043
2204,0.02350130576779613,0.02898732110461626
2205,0.021580369190341325,0.028495463064233974
2206,0.01982693726229974,0.02609179689179607
2207,0.02064685983589099,0.026415192674554572
2208,0.020883011293542923,0.027159970504436068
2209,0.021804319975755933,0.0281896021993633
2210,0.02234331791295933,0.028690152706294797
2211,0.022020854408528547,0.02847899443697152
2212,0.022357073174111616,0.02940135801196833
2213,0.021676649149352845,0.02882843702644681
2214,0.021504268040213964,0.027828379279565132
2215,0.021372635535475186,0.027163489165774
2216,0.02252049091320839,0.02689204210405036
2217,0.021810702210316512,0.02594012882089487
2218,0.02306800767400366,0.0272618334121591
2219,0.02330144187366004,0.027075649621103193
2220,0.023685312047722385,0.0272088036301135
2221,0.022641778867824206,0.026117113982090424
2222,0.022267182078889298,0.025690607634743703
2223,0.023173881010819977,0.027545307140193317
2224,0.023068206178461118,0.028191446564316654
2225,0.022376696836420143,0.026837477801131007
2226,0.021796823904935883,0.026583467870368162
2227,0.023168561135952764,0.027257292753316405
2228,0.024586069427060115,0.02740033447182755
2229,0.025373554507969538,0.0280659780281459
2230,0.02652997781764414,0.028904993342745332
2231,0.026515546969816155,0.02883883406334946
2232,0.026579959084282716,0.028437169340450014
2233,0.026005918254831565,0.027912810250691568
2234,0.025538575441631853,0.027681922859121976
2235,0.02490066552738706,0.027191481155995578
2236,0.024847551064097237,0.02680648019015896
2237,0.023386200561290746,0.02528581961504709
2238,0.022080784305909946,0.02439914307663992
2239,0.022214003328585433,0.02600253531810694
2240,0.02226346348931128,0.026167153092233292
2241,0.022304420790178296,0.02599099566217573
2242,0.022498494697687395,0.026659684773770263
2243,0.022429794268826925,0.026805934795756162
2244,0.022740834871275022,0.02724583103546135
2245,0.022088458911125004,0.02684390838488876
2246,0.02157480231896643,0.02646948329973412
2247,0.020908060377938405,0.025736211641681255
2248,0.021550428651687898,0.027129499129036644
2249,0.022453442189173077,0.027943017748980534
2250,0.02220012788907689,0.027760810402870685
2251,0.022597540598968804,0.027340293028021226
2252,0.022399871722141234,0.026956632696618594
2253,0.022439119206925703,0.027729402997466023
2254,0.02231812460126341,0.027669024617179114
2255,0.022158873430325406,0.027689698586175534
2256,0.021785072664825066,0.02655641786711267
2257,0.023039285906350158,0.02797401716911428
2258,0.02202237470111423,0.02778703872092998
2259,0.02206416105057135,0.027260866901740236
2260,0.021760441206496686,0.026888268173246906
2261,0.022540448723967373,0.02738600269196204
2262,0.02278759850751478,0.027810269449679584
2263,0.02220004023533707,0.027287791928581707
2264,0.022912140489570135,0.02743049516681558
2265,0.02277186872462692,0.027118474328016107
2266,0.022224906813309173,0.026604859848969913
2267,0.022912135147374186,0.02674067928891713
2268,0.02208130485639345,0.02711486628830584
2269,0.022761135695990555,0.027368705622679793
2270,0.02367486255029281,0.027610599080304478
2271,0.024396733561458085,0.02724263367242203
2272,0.02354423727710789,0.026809670864560254
2273,0.023881375881193545,0.02699593702608327
2274,0.024672726400400663,0.02680857785204769
2275,0.023982306157318545,0.025683013041406716
2276,0.023757181933560464,0.02625892669644535
2277,0.02436296069201877,0.026072184382314175
2278,0.024535864809675196,0.026637520517018804
2279,0.026189425494797677,0.026989942080543543
2280,0.027989690330627124,0.026404136456761935
2281,0.025499163126006665,0.025263772079039352
2282,0.023779844158504926,0.023934413486650763
2283,0.024033662782172886,0.024760332609264725
2284,0.025262641378301833,0.02687018066129051
2285,0.026622725045265562,0.027527865043491466
2286,0.02630640830433942,0.02703473413991765
2287,0.026806108488530173,0.028056208462830707
2288,0.025589557488927266,0.027492181922838196
2289,0.026098558998249397,0.026975064106501336
2290,0.024731330477393045,0.026755397535529975
2291,0.02713952587458213,0.027568144179507877
2292,0.027041691270705163,0.02835058906220537
2293,0.026670819399768318,0.028178569946934528
2294,0.02770876616662071,0.028051541113755463
2295,0.027322822106877025,0.026948600744965138
2296,0.02918891841144186,0.027066680663664557
2297,0.02993357708173661,0.027440071418736892
2298,0.03003238025582216,0.02751481620130144
2299,0.029312515815301813,0.02706695928098411
2300,0.02703671747112876,0.027240764243493785
2301,0.024339085452743475,0.026874750045044398
2302,0.025113412464288408,0.02857868358745158
2303,0.02374604129346475,0.028078516942878252
2304,0.022645550347190194,0.027790144115265994
2305,0.02097069352146038,0.027427430245033777
2306,0.021144135951743467,0.026857932844473836
2307,0.021861920541979198,0.026719006104522065
2308,0.02089121524493711,0.026070699847911275
2309,0.020883678058933736,0.02559147347772023
2310,0.022090950677804335,0.026527154382817393
2311,0.021908423912750503,0.024825424197989394
2312,0.02189976428996409,0.02634021638002252
2313,0.022942410221383776,0.0269158492753032
2314,0.021549019015546254,0.02663956757437494
2315,0.020863812680245623,0.02615564831226654
2316,0.019889269895730973,0.02633069985520606
2317,0.02041777397659364,0.026158705279676422
2318,0.02106539028603302,0.026523316289385222
2319,0.02066871508451152,0.025815383409799397
2320,0.020662339166568892,0.025119792053195096
2321,0.020626878873053964,0.02416882887248591
2322,0.020020062090666806,0.024159440581294662
2323,0.02087653296672091,0.024237460827707245
2324,0.02038484005723487,0.02442682528107825
2325,0.021714759356048795,0.024241679969549807
2326,0.022090945660790718,0.025211029704569857
2327,0.022448439975089513,0.025333668773828838
2328,0.022702134239243214,0.024542797587726747
2329,0.025622233183623163,0.027241462867299518
2330,0.02906605621832315,0.029008256678827206
2331,0.028274556318257402,0.02759495216332698
2332,0.03055981511134799,0.028562643388634054
2333,0.030308821102228937,0.028728136000255627
2334,0.029700701054095544,0.028232063137461422
2335,0.028524550952606014,0.027798100086601562
2336,0.02910102854479484,0.02801439096843615
2337,0.028906502693357088,0.028156912058823376
2338,0.027942996581212992,0.027372710829591154
2339,0.02794575564808675,0.02710785570382534
2340,0.02643572649914563,0.025395335664893947
2341,0.027713048191331614,0.02707685901581994
2342,0.027749024999266143,0.027196749818149183
2343,0.02718540108982892,0.026076566488342154
2344,0.026903462959507293,0.025754515855411705
2345,0.02783202330643212,0.026149026613657818
2346,0.029110129370493794,0.02765107449635569
2347,0.02988651073690671,0.02838481605997832
2348,0.031107614094998185,0.02958994289429926
2349,0.030703100744851188,0.029282267295290727
2350,0.028966546356632258,0.028946993354700308
2351,0.02837833466241258,0.02893212799967041
2352,0.028400939521753786,0.028084995514549453
2353,0.028628426809452392,0.02809132981043017
2354,0.0282823910754137,0.028625093822775713
2355,0.02925610229281144,0.028966061388018598
2356,0.02906845949491106,0.02908767977794925
2357,0.02958659390061875,0.029951289786483277
2358,0.029709950765373774,0.030987423898907955
2359,0.029508401583824593,0.030794206729652464
2360,0.029389144726459517,0.03096010105999497
2361,0.029571472545174237,0.03027693270675006
2362,0.029430472444919004,0.029508838274853528
2363,0.029327382339528103,0.029558476198829436
2364,0.02904278745211208,0.02975666941624299
2365,0.029255772534285324,0.029356094814963825
2366,0.028693533848770804,0.029426065159719145
2367,0.02904308798293745,0.029162551784765577
2368,0.03040203336245086,0.03089836970079708
2369,0.029618763878021922,0.030434863825812498
2370,0.028292695089281884,0.02908804072802824
2371,0.029189976661728817,0.030204592423798016
2372,0.030552218977369452,0.031141892874291133
2373,0.030365230086432222,0.030709324119491826
2374,0.030485427792999422,0.030350235557848344
2375,0.03013265785561713,0.02947774038494575
2376,0.03028464571461392,0.030106145880867765
2377,0.030168663797809223,0.030408799491362614
2378,0.02959813220674319,0.028950094796796073
2379,0.02987642584054959,0.0293472100286673
2380,0.031119583644575677,0.031018436911656497
2381,0.029617662825432402,0.029674370916532078
2382,0.0300356832375114,0.028899800912518953
2383,0.030657621706874184,0.029091140115997963
2384,0.030636748541873565,0.029792619375677752
2385,0.0305230222657113,0.029793528699980455
2386,0.029880245256808442,0.029390969825034443
2387,0.028025180283371542,0.027772511430159626
2388,0.028209666262635557,0.027443332251661505
2389,0.029042285745102963,0.028627698553489882
2390,0.027829242644079304,0.02898574324954007
2391,0.02798461180420099,0.027650110886726125
2392,0.02892268794537276,0.02852497980378779
2393,0.028658631013995035,0.02825359470233132
2394,0.028972149879349294,0.0291443344566622
2395,0.02824732824056376,0.029313174025919927
2396,0.028297856359383623,0.029156014920350023
2397,0.02746426476145207,0.02799357943393695
2398,0.02862478143682375,0.029219253312376098
2399,0.02868855498089077,0.028819806689801157
2400,0.02904404789651226,0.02912093085030036
2401,0.030529803928085478,0.02995023127470878
2402,0.027837761097166864,0.028298855747819294
2403,0.028015795209567703,0.028117648283597484
2404,0.02935576186475644,0.029650194028369277
2405,0.02904930557652554,0.029242907515481264
2406,0.028825068705716172,0.027985733841170667
2407,0.027131776809035345,0.026600156843371615
2408,0.027597756011958335,0.02649436150336925
2409,0.03023719519793556,0.027995847546299895
2410,0.03076637461866734,0.02871266335996025
2411,0.03135839078942775,0.029403042127238842
2412,0.029553570793051983,0.029520093912025664
2413,0.02781216923083494,0.030006947255412433
2414,0.02669973455451391,0.029124023996084682
2415,0.026797436726427013,0.029069162728782325
2416,0.026228383220314427,0.02844904100916285
2417,0.026516265352320822,0.02868429582886169
2418,0.027443292499216804,0.02928643583532221
2419,0.02710749477090928,0.02886108322219003
2420,0.027342051823194963,0.029352304382729077
2421,0.027226627271491822,0.02914069850708492
2422,0.026896289983887968,0.02924041248969978
2423,0.02675340557612439,0.028888509962704624
2424,0.026004620194241827,0.028395481824435086
2425,0.02574932263055195,0.027295061472320595
2426,0.026718642381491145,0.027168371843369916
2427,0.027779891755007547,0.028112764229788263
2428,0.02805975717075617,0.028530359893509927
2429,0.026894986431319396,0.02786672935924586
2430,0.027850264102583414,0.02900968889269315
2431,0.028578668231281027,0.029377899883275917
2432,0.028020954056764438,0.028605027410178275
2433,0.0278311656418923,0.027903428997263006
2434,0.0272894831610643,0.02697090726876726
2435,0.028439292801369136,0.028146171636481053
2436,0.029319411768286015,0.028524653784762394
2437,0.030162816283904086,0.028100610942960454
2438,0.030400106572879032,0.0268449025306352
2439,0.029046714421805574,0.026715535181803692
2440,0.029031494897707403,0.02716691648548815
2441,0.02955900059154713,0.02763860120633791
2442,0.029629918799727897,0.027594798239529317
2443,0.0279343948111823,0.026028624067402396
2444,0.028924937603737797,0.026700342718762968
2445,0.029197867590254924,0.027507267457481794
2446,0.028059767751253767,0.02693798781818309
2447,0.02878278189502284,0.027004827649225
2448,0.029800390562064002,0.027706814111304667
2449,0.02984802959689579,0.027267042371855833
2450,0.028929617632912866,0.026571968054672896
2451,0.02919849855664854,0.026509172509767722
2452,0.029200188250365872,0.026634939053260757
2453,0.029574365196663326,0.02651473812567279
2454,0.030367511364638205,0.027887980561109225
2455,0.030666200718268196,0.028286567927033306
2456,0.029641971840554466,0.02760261969679577
2457,0.028946861124043172,0.0268523649315536
2458,0.02771373093850623,0.026664247762289393
2459,0.023537613645832678,0.024835868776353028
2460,0.022094289810279555,0.02479349392260552
2461,0.02276028024648761,0.02525308342155548
2462,0.022492034784149576,0.025700829149410236
2463,0.02281555801844054,0.025842858763841736
2464,0.023375608145073657,0.027225259256139858
2465,0.022898304186952604,0.02722064388018225
2466,0.02271092157722658,0.026767516101915075
2467,0.02259693821049807,0.026381884182005697
2468,0.023384898012671306,0.027322032908391004
2469,0.023213166856637612,0.027058657621547775
2470,0.02357369042247006,0.028166460297205636
2471,0.02316979872247213,0.027772243395423567
2472,0.023742139356294573,0.027659373522563452
2473,0.02400850727852334,0.027700525326902578
2474,0.023841669476918684,0.028137404869742182
2475,0.023370445244703227,0.027634337469040596
2476,0.022423126982571363,0.027247844462079545
2477,0.022179774188492294,0.027245562928919317
2478,0.022132919402217375,0.027291181075098918
2479,0.021836800061016313,0.026351838493310152
2480,0.02251010110165572,0.026623880845261537
2481,0.023106776252948307,0.026636961159196084
2482,0.02252081497839976,0.026606393396271737
2483,0.02263421125716878,0.026079037271082853
2484,0.021879719332470193,0.026706338468863944
2485,0.022749304924356135,0.027337659709744194
2486,0.02190642069094126,0.026827411904607516
2487,0.022270282857810634,0.026794513043127827
2488,0.02223611981370996,0.027193888843100568
2489,0.021651209990783887,0.027664033184798032
2490,0.021799785841560313,0.027444075081860312
2491,0.02129429630310591,0.02720710667810959
2492,0.021405714046726625,0.027394759002363336
2493,0.021716597668950618,0.02802224608916808
2494,0.02162812610985297,0.027712724142651954
2495,0.021686374799814258,0.028463773457812275
2496,0.022087720740874107,0.02941284210840143
2497,0.02254429885143521,0.029324085733937875
2498,0.02222288211037838,0.02919301930865569
2499,0.02255307651658216,0.02952145537091562
2500,0.02268857265764104,0.029321090332126553
2501,0.022302231644186946,0.028247704926202027
2502,0.02189520798806088,0.028841012624387943
2503,0.021795894152779265,0.02908999898484364
2504,0.02234496851757489,0.029338384137562505
2505,0.022456927388610128,0.028719350695150896
2506,0.022298752009775047,0.02886775423701877
2507,0.022567911482115843,0.029112060820789452
2508,0.021424545535221117,0.02854289438173198
2509,0.02145914611346238,0.027762634748035836
2510,0.020169495341876436,0.025944520399949867
2511,0.019805061761932374,0.02525152754269776
2512,0.019863620172013905,0.0246265802133538
2513,0.01994648485932591,0.024072565959265727
2514,0.019890222878438776,0.024782778084427155
2515,0.02076877645397691,0.02599798541309731
2516,0.020645552908245997,0.026078565988256405
2517,0.021493779781500723,0.026574562486987408
2518,0.021019724395458975,0.026371155201453528
2519,0.019373177617860435,0.025039033889205226
2520,0.019341135282036296,0.024518093583068678
2521,0.0200174931876803,0.025596993215390877
2522,0.020190159364179,0.025161315630448967
2523,0.02204787206466683,0.026010948196656513
2524,0.02227651336658924,0.02628131539860051
2525,0.023132017663264927,0.026043040123631896
2526,0.023615396008497967,0.02612041121454877
2527,0.02325643889150574,0.025733135946666652
2528,0.02408855830649236,0.02612791854505738
2529,0.023191455015709458,0.025030577164743665
2530,0.023585159667877536,0.025280963443006132
2531,0.02313182660697786,0.026277227799038096
2532,0.022526314268754698,0.026521287123088665
2533,0.02270537451555111,0.02668358097976792
2534,0.02162421429446962,0.025717490002007962
2535,0.021942113832750486,0.026104006541610554
2536,0.02413054671560869,0.026514796771338143
2537,0.025686032572002027,0.027233108307542622
2538,0.02488452024640812,0.0269764905126214
2539,0.024590083206582528,0.026434464354027087
2540,0.022372163260174896,0.024773046094381548
2541,0.020765998550845825,0.02289851603584315
2542,0.020672047755771448,0.022968638097738983
2543,0.017832447549575855,0.019451265536514852
2544,0.017563225343856192,0.01943571714664704
2545,0.02043365378127328,0.02184396645947919
2546,0.022524364621261898,0.02340918718337774
2547,0.02016291459632268,0.023647386466600917
2548,0.018384643404771896,0.022569927290723397
2549,0.01803268919973304,0.022265048226024084
2550,0.019336944597658556,0.0227185664315176
2551,0.020340509912979688,0.022710906698041523
2552,0.01912681315202138,0.022278953989919716
2553,0.019286987591138133,0.02212996110673102
2554,0.01850416353980645,0.02035558602532631
2555,0.019380929184581036,0.02048837732955451
2556,0.019109560387435366,0.020499811562927593
2557,0.019123388912862353,0.02139935035230685
2558,0.020311598854806354,0.0222550872088681
2559,0.01972703190096717,0.02191842491017279
2560,0.020343319423851636,0.022294244217951724
2561,0.01969416010937657,0.02290389696760417
2562,0.02000399871525066,0.02309253662853455
2563,0.0198348909981212,0.02356750426927442
2564,0.019261478836226364,0.023553417246614822
2565,0.01886903006063787,0.023181139858134473
2566,0.019312974516457124,0.02342976175738014
2567,0.019344128557882336,0.022806118423427266
2568,0.018558314718118855,0.02255037105233472
2569,0.017793573684311746,0.020919921015954964
2570,0.01794019856792704,0.02150930501830298
2571,0.017503590895835024,0.02232718725121095
2572,0.018823027425405026,0.023540217586536093
2573,0.01951968829959369,0.025250346902627868
2574,0.018777807767737603,0.02542585418028607
2575,0.01844875236866024,0.025335689297792115
2576,0.018309978591733257,0.025021718268086517
2577,0.018259269256988224,0.025955668643416852
2578,0.01804529855300004,0.026007486204617566
2579,0.0182715599218175,0.026608966070257204
2580,0.018822928647611935,0.026899701707611866
2581,0.01950772702303258,0.02694214456689161
2582,0.018876754775145808,0.026445004761024717
2583,0.01793622373249517,0.02508183205081977
2584,0.018079039600376066,0.024279107457324707
2585,0.020113681445405627,0.025549681076988785
2586,0.021027807281645976,0.02660540201719243
2587,0.020934903257487855,0.025831975595947437
2588,0.019238592892553707,0.02327422360599083
2589,0.01858352520952529,0.022696659216286087
2590,0.020054849451422597,0.022894705132500973
2591,0.020414533910274837,0.022919204538092305
2592,0.020191674061014526,0.022680714286830078
2593,0.019954788361662715,0.022953923225164458
2594,0.019061573495395667,0.023449275182652985
2595,0.017662118402403996,0.022926034911708346
2596,0.017503119991795296,0.02277364663338207
2597,0.01922043469461944,0.024015661490064122
2598,0.020238372727701178,0.024560401425147316
2599,0.020252149466818574,0.024426275398253663
2600,0.01905835566120493,0.024286962613832425
2601,0.018374255313434257,0.024146926314820114
2602,0.01801835408277637,0.023533452545002848
2603,0.017852463728726217,0.023710684649466594
2604,0.01861900520736433,0.023677665208056278
2605,0.01695715401486358,0.021583501076757567
2606,0.018356672433495508,0.02181107443299724
2607,0.01886009394921424,0.0223147945240212
2608,0.018666362232616134,0.022685944454911955
2609,0.018926284325450998,0.02352349571473738
2610,0.01918972069404091,0.02351405975288122
2611,0.01832434200359872,0.02265935770863792
2612,0.01806541002601692,0.022931701878561705
2613,0.01791683711952813,0.022406773283171096
2614,0.016854389217158997,0.020990805037353916
2615,0.017327774513090883,0.0216992945825395
2616,0.017432672699959007,0.02205630260382993
2617,0.01744874856328358,0.0218721146025568
2618,0.01785152855019486,0.02166688371441514
2619,0.017374175304142366,0.021820893557114345
2620,0.0168508713912808,0.022035925222215084
2621,0.016660788669128856,0.022026666210480977
2622,0.016602059150349374,0.022469809195003517
2623,0.016678891546387832,0.021666558315069948
2624,0.016439233246595183,0.021207642429887704
2625,0.016150747541122005,0.020639625325655934
2626,0.016793753522418374,0.021098785260369783
2627,0.016748718319031856,0.02100037226311627
2628,0.016825311682501082,0.0215477329163596
2629,0.015121796983254741,0.018635272139584033
2630,0.01489991230923247,0.01713903938663799
2631,0.01630190634612418,0.019166363877956297
2632,0.0176505797650383,0.02116260914976476
2633,0.01605010302254978,0.020823519154467684
2634,0.014160335527045495,0.018619614479637867
2635,0.01340687405598248,0.016299782232155648
2636,0.015085286420778684,0.018922692597734037
2637,0.016453114525004888,0.020961984669589834
2638,0.015044169298976636,0.02084443498925546
2639,0.01656114772162741,0.020959575317347965
2640,0.014651316319476906,0.01851084067997842
2641,0.013429151248799601,0.01571975122403842
2642,0.015424211553443458,0.01821797209458661
2643,0.01638062130278634,0.01996668084957992
2644,0.015140745211712598,0.018141154491027687
2645,0.013779972241305498,0.016206447314247495
2646,0.014035895203283391,0.01803633281989285
2647,0.014019625131665598,0.017213134136597735
2648,0.01614796435358701,0.017874427492361268
2649,0.01773596519651769,0.019699762434234838
2650,0.018110562117603538,0.021380283120250504
2651,0.01738525924293219,0.022418149260965907
2652,0.016316413688269783,0.022763398921697764
2653,0.01581710459953317,0.02249081642755297
2654,0.015453604548141266,0.022793597102537935
2655,0.016487374292163362,0.02318238479431479
2656,0.01567775434756681,0.021980741075858793
2657,0.01670398783232,0.021954311518385308
2658,0.016812558383742102,0.02268823561594561
2659,0.01662422796576504,0.02303821727217127
2660,0.017092551570026697,0.022572522630383906
2661,0.016891263870436615,0.02166523284972704
2662,0.015339703047638903,0.020862181267848657
2663,0.015052512685139983,0.021504603572818557
2664,0.014081424012084507,0.02010396041479088
2665,0.010586352366529774,0.014964492408041125
2666,0.008617043761258242,0.01235884466527474
2667,0.008440595701270785,0.012342336322370686
2668,0.008612863957323257,0.012329552357049127
2669,0.00930592317943017,0.012841176355795927
2670,0.010725880978620032,0.014082431154422467
2671,0.012336918017432813,0.015831666004873395
2672,0.012522306193284795,0.015709863382336316
2673,0.012600935214683211,0.01572944292332431
2674,0.012213720761436623,0.01516224979641838
2675,0.01208643280593206,0.014390330063984524
2676,0.01246807834892166,0.014206927695980755
2677,0.013812236158708984,0.016046593132197678
2678,0.014678078280833172,0.017798472784985635
2679,0.01374308493757462,0.016673355107680806
2680,0.012765169439259608,0.015047227205642374
2681,0.011195107115696141,0.014824559518028666
2682,0.010419322930410889,0.013447140960453526
2683,0.009615565661505189,0.012887940744724912
2684,0.00924744173949533,0.013021286996809621
2685,0.009241700361431134,0.01255196723489093
2686,0.010474304981745392,0.01377273847316296
2687,0.012157124049102831,0.015577795388711067
2688,0.011724500354761557,0.014827469999984928
2689,0.01074244793905799,0.013720837239618096
2690,0.010863507460755754,0.013756779643924055
2691,0.011026248052716816,0.013695062944712861
2692,0.011255791542885654,0.013731813220675678
2693,0.010944204893318585,0.013628208035098632
2694,0.011215505674555794,0.013445661085304967
2695,0.011271659916379056,0.01378414023623311
2696,0.012346942709056868,0.014539651082306353
2697,0.01432285172666947,0.016765288512999153
2698,0.01738803498307371,0.01977354884010382
2699,0.020566623995126144,0.02083778609472068
2700,0.020864843176583124,0.021176700852326546
2701,0.02072197324100599,0.0213614735317529
2702,0.02007290153909778,0.021413028501050105
2703,0.019118299039147916,0.02196859573945528
2704,0.017586020265592233,0.020764018361420115
2705,0.016989845464884825,0.01984389138428016
2706,0.01759086421899391,0.019893227366063988
2707,0.01784924187303011,0.02026817605221116
2708,0.016870293188723295,0.02006817621405031
2709,0.016785959204358575,0.020486018793239736
2710,0.017418611634782057,0.020675910099902696
2711,0.016685821840093637,0.020413175062124162
2712,0.017806294062350344,0.022317857659109708
2713,0.018099272743554558,0.022438538379522394
2714,0.01755673043960427,0.021451306617742676
2715,0.019387500491493768,0.02159840715464682
2716,0.019475050743210903,0.021408251593919438
2717,0.020015440348696865,0.021483450981027837
2718,0.018937859519982232,0.022110735804379545
2719,0.018945477689491202,0.022923964316088855
2720,0.01965010038352903,0.023060313110812806
2721,0.020532276064183355,0.02340448360165979
2722,0.020131243718849202,0.023108244350025623
2723,0.0199372471050176,0.022837159829031936
2724,0.018636606987301782,0.022549448063809097
2725,0.0178507478615107,0.022023301686971787
2726,0.018387264805212064,0.021286555549261264
2727,0.019329042662810627,0.021712220972729214
2728,0.019272072213129283,0.020989563136799574
2729,0.01813747469363749,0.019780604901965707
2730,0.019027865987937716,0.02143657425411128
2731,0.021055797171260618,0.023526211143077597
2732,0.021761907871684152,0.02503413921146398
2733,0.02164095837656414,0.02466707246973491
2734,0.022019064312321965,0.0248807768164612
2735,0.021019804943604697,0.02485833056648067
2736,0.022421165502892453,0.025525320586268444
2737,0.022426098790308886,0.025600781171966586
2738,0.022822013531460007,0.025841066832145675
2739,0.021592604905471057,0.024610720272987045
2740,0.020219068972291216,0.023792020879692146
2741,0.020105364077448645,0.023622115293950578
2742,0.02076390574114976,0.024450296637960018
2743,0.02168507086749273,0.024879634164349306
2744,0.02099976873873077,0.023881839207020864
2745,0.02150483397891626,0.02410220851185262
2746,0.021832173714679052,0.024678205515807468
2747,0.020517387114656144,0.023094285522452053
2748,0.019784288161291713,0.021797003813864915
2749,0.022413424560689857,0.02232164879305344
2750,0.023352553348030446,0.023168777510276357
2751,0.023705556239419067,0.023135747367337995
2752,0.020444148259945498,0.020907672108710283
2753,0.019910680091293678,0.022784632732904517
2754,0.02028357655386767,0.0251641855853744
2755,0.021289538447010533,0.02585003388090045
2756,0.02127402432370668,0.025419925010698886
2757,0.022317892878352303,0.025219454406586746
2758,0.022712557224328675,0.025703939190324147
2759,0.022546952692265646,0.026136530530973437
2760,0.022629915704350582,0.026330353752086987
2761,0.0223487205456154,0.026318765307366782
2762,0.022320556704005925,0.02679677516351918
2763,0.021646944451373162,0.02687646499356702
2764,0.02187906732197292,0.026803681868136402
2765,0.02151958397991341,0.02685855736863286
2766,0.020450856249693238,0.02591726269909419
2767,0.02121063724953168,0.02715766456754357
2768,0.021211887435452565,0.02830188782242212
2769,0.021373853034913435,0.02758544059330529
2770,0.020761544728120144,0.026663594925810333
2771,0.02081934072178493,0.02654375954933802
2772,0.020653320947058233,0.02648968927818786
2773,0.01809170649994285,0.022802042926867577
2774,0.01549203270178285,0.019527411464777884
2775,0.01703536153852681,0.02138303635190412
2776,0.016774874036348336,0.021945112805174336
2777,0.01862103577752894,0.02353070854146964
2778,0.020184876333238327,0.025640607842344502
2779,0.02093755084181734,0.026244802349717423
2780,0.019595517480655304,0.025037181407615187
2781,0.01848185567268382,0.024889671024569637
2782,0.018616288011057382,0.024756425983993545
2783,0.018403158790502003,0.02413371806773245
2784,0.019058684415267386,0.024640698982256577
2785,0.017717660304073953,0.02221612200357561
2786,0.01684118641824036,0.021142631341709083
2787,0.015301180641883079,0.018536285957624004
2788,0.016018027536698967,0.01996401511215474
2789,0.0180474990428506,0.022774585569071876
2790,0.018880546855495575,0.023912543167522345
2791,0.019198328829323184,0.0245861650668504
2792,0.019461974455878436,0.02537471417724293
2793,0.01765881756890589,0.023326818458590044
2794,0.016570627146193433,0.023359518343755364
2795,0.017622007260449716,0.025071012992349238
2796,0.01713444062415831,0.025182325491048128
2797,0.01732011937064856,0.025093532645865405
2798,0.018006704629132033,0.025582293200285232
2799,0.01732660996742915,0.023718226069272826
2800,0.016810579098291943,0.024163712728536055
2801,0.017157242476103514,0.025304795128750324
2802,0.017233396962987833,0.025943682060262305
2803,0.01770375233462594,0.025778164354534235
2804,0.017184565908269372,0.025607087052234547
2805,0.016151548695271696,0.023724484983346006
2806,0.01612819826009788,0.023784124401589158
2807,0.017592006755631343,0.024848377657929778
2808,0.017386715935683774,0.024675346748993857
2809,0.017015975707086153,0.024054386387510302
2810,0.0158121956622923,0.021559675998391002
2811,0.015640312895591157,0.020144509746197088
2812,0.014908052708173674,0.018445964445623218
2813,0.015280952054326637,0.019428719885592863
2814,0.016452818410264126,0.020777869244418507
2815,0.019585315463159624,0.022756409762960107
2816,0.01946777647965282,0.022636942962587205
2817,0.01744081195087928,0.02267434030801744
2818,0.016536198911849938,0.020590774015487957
2819,0.016605222171299484,0.020742247692990323
2820,0.017028833996906457,0.020991452925510638
2821,0.016910147720217143,0.020267751309598743
2822,0.018507765178241934,0.022062831232901207
2823,0.019412211863835738,0.022502472792026634
2824,0.017591221146896242,0.021416184362218066
2825,0.01820836298907545,0.02129172359949721
2826,0.017194122110428877,0.01972341444877501
2827,0.01887376824240254,0.021086268486910448
2828,0.018123678043160472,0.020467404232466888
2829,0.01838722049346739,0.0222239032037929
2830,0.01769591030556658,0.02225377831390349
2831,0.017776531446352585,0.02182555074870511
2832,0.017315926805155212,0.020940601700503964
2833,0.018357538710479567,0.02212226139611586
2834,0.018711346374084677,0.02287756600291174
2835,0.01944815228756984,0.023418042533240542
2836,0.01854401634153728,0.022196400039074842
2837,0.018842145906324992,0.022308878853249323
2838,0.016678296898829464,0.02160855317862322
2839,0.01755669389510842,0.021933772072686264
2840,0.018952760855778374,0.02238394468395791
2841,0.019774544571575677,0.022569411483348477
2842,0.018333940575997534,0.0216192467969693
2843,0.01894064663489942,0.02189167640757057
2844,0.01785812338443408,0.021032123708977356
2845,0.017881737308334904,0.02130637688920791
2846,0.01846583830180173,0.02218328597244859
2847,0.018168498221308137,0.021756325842681754
2848,0.01684497926116708,0.020257832455970307
2849,0.018293985852231364,0.020553065796044184
2850,0.018495276529816907,0.020482048768773888
2851,0.01859540216979897,0.020571144107784923
2852,0.019151888829691648,0.020991417486648366
2853,0.018924442496883898,0.02148573678968847
2854,0.018245315969843294,0.021687352325600675
2855,0.018566215494173095,0.021424172369845243
2856,0.018506457868689628,0.02114301209037944
2857,0.018322334779274446,0.0206006122686597
2858,0.018385839974961696,0.02127656422155851
2859,0.01975202237296702,0.021772391982261833
2860,0.01915993820312861,0.022376209745812805
2861,0.01720853381110661,0.021505011235234822
2862,0.01742625736810753,0.021157619400747372
2863,0.01722311779993182,0.021036623199369123
2864,0.017867979345828604,0.02138273713247263
2865,0.018582017237676142,0.021817266504083752
2866,0.01836391325666359,0.020764987569076885
2867,0.01562212370279428,0.018360858698535706
2868,0.015233151390660218,0.017906720796782124
2869,0.015442373420805452,0.018444410596590813
2870,0.016671041497114906,0.02017063983775174
2871,0.01659257910146774,0.019725467906843486
2872,0.016671724914134364,0.019101050190786985
2873,0.01593852067532856,0.018068039763962297
2874,0.01601370435404414,0.01797027085388731
2875,0.014887277087169373,0.017485230329001247
2876,0.01613671159545377,0.018677105275424762
2877,0.01516390670840633,0.01821145591044895
2878,0.01614340975155406,0.01869752666745198
2879,0.016975113945918618,0.018823550121000218
2880,0.017828972751044402,0.0193403349887503
2881,0.018181690395131313,0.019880150867709348
2882,0.018265848876460447,0.020507262606657622
2883,0.01861072725007228,0.019740079203720885
2884,0.01908451248077845,0.020541152952175526
2885,0.01968616557776664,0.020114110321666483
2886,0.019490785032201252,0.01975181961155366
2887,0.018940945888125324,0.0196867670472498
2888,0.018346109981581035,0.019233594601053217
2889,0.017898105797651075,0.019638851443668566
2890,0.01908110590952991,0.020626857947095963
2891,0.01930810779629523,0.020944364404568677
2892,0.019793137550346108,0.02151628738015754
2893,0.019016868844456487,0.0207769620832489
2894,0.02069411714175757,0.021193081723161675
2895,0.021301613335910557,0.021257039823724365
2896,0.01996019189389358,0.02223949839860008
2897,0.019549383139306736,0.022427284896222636
2898,0.01955170942179686,0.02244645467328485
2899,0.01857334475539797,0.022192694312332843
2900,0.01834600111007507,0.022072970262409484
2901,0.017636555609834483,0.02153962204696256
2902,0.016945592376770076,0.0210799695176792
2903,0.018010067520204405,0.02202124604193519
2904,0.018649094778514157,0.022550474341513336
2905,0.019086393445972308,0.022970761645379634
2906,0.019148424675202086,0.022266293894787795
2907,0.019692736899323653,0.02168320611298561
2908,0.018487280369375542,0.021570067114160624
2909,0.019204442082217246,0.023116704964433982
2910,0.018770032719543653,0.022774796289349048
2911,0.018291917202471995,0.022617210820941657
2912,0.017829819239504247,0.022452486501342475
2913,0.017219777044411216,0.02183918983993054
2914,0.01757542583985968,0.021927692226504633
2915,0.016557937087324143,0.02101269655043363
2916,0.016139887512074604,0.020533201050207922
2917,0.015771855541482676,0.02056111046883216
2918,0.015145410079539104,0.019999607759761274
2919,0.014664925887098775,0.018836985314526714
2920,0.013756149363525977,0.01765598120264272
2921,0.013249716911707258,0.01711157543630387
2922,0.015689397038673825,0.019674363941690993
2923,0.01722935018671017,0.02090117052960203
2924,0.015280609650205664,0.01877171172183331
2925,0.017397328156776054,0.020980530795968965
2926,0.017259635759364463,0.02089291285705725
2927,0.01706368921586712,0.021552426505744696
2928,0.015972160027031813,0.02211310665712463
2929,0.016128586849644567,0.022194106827347553
2930,0.01398652362587774,0.019246902385332748
2931,0.01513670692394739,0.020250752905209137
2932,0.015448844196470113,0.021904800774401965
2933,0.01616901240726673,0.022169828352471783
2934,0.016290347919163835,0.021501980089920096
2935,0.015631961346802305,0.021256218828322657
2936,0.014073652586682037,0.01920710562906555
2937,0.01330654226736548,0.01880334980082863
2938,0.013303824381381913,0.019920940293739735
2939,0.01267586554439977,0.019981606735108595
2940,0.012958546239915894,0.020045717195486066
2941,0.013663570881677262,0.020238809548136456
2942,0.012255538183951017,0.01914292904732666
2943,0.012435463153650652,0.01804931417512773
2944,0.014303116098696441,0.019786375142713232
2945,0.015842727910093276,0.021771081708287458
2946,0.014913981318792218,0.021552404474820566
2947,0.01473790192630335,0.02132257868788551
2948,0.014369021561009972,0.02087615038529792
2949,0.01309573095785162,0.018848397551843473
2950,0.013786600217569337,0.01894722893502945
2951,0.01435808742584612,0.020504526835110205
2952,0.015204501934600148,0.021347527248040076
2953,0.01363942705088284,0.018910762346237068
2954,0.01497717476022645,0.020532732809206772
2955,0.015358792010982,0.02100564272986433
2956,0.016559784936312293,0.021302445945701253
2957,0.01505150172955316,0.019327682932008917
2958,0.015683054664650555,0.020919550726646422
2959,0.0160101351381162,0.02032451922742802
2960,0.01570225319383977,0.020181786078157623
2961,0.014882949035054807,0.020921242794101833
2962,0.01420314384107645,0.02124875263543651
2963,0.013708575979386723,0.020910138849490327
2964,0.013097851266751524,0.01994761041028381
2965,0.012944837721381943,0.0200597614950317
2966,0.014016675522382283,0.020333854093622688
2967,0.014405705675740878,0.020865438698459783
2968,0.014955575298243847,0.022279048210585024
2969,0.014380925677889409,0.021728896830014277
2970,0.012989618536444637,0.019901322335728965
2971,0.013592969423186656,0.019524613969726587
2972,0.01488552331543666,0.02026265712379264
2973,0.017888828634512067,0.02194566901213047
2974,0.018354685002383676,0.022468496536494947
2975,0.017503202805407632,0.02308544461842646
2976,0.015573006367672315,0.023166304059801288
2977,0.013309728898973966,0.020752701619224805
2978,0.013713820288338407,0.020595728159930497
2979,0.014600440121844669,0.021959478804670807
2980,0.014371171670966444,0.0222450087600172
2981,0.014687198902099576,0.02254681062582112
2982,0.014380126237712615,0.02148758919524519
2983,0.014637153732331104,0.021207059519915788
2984,0.01424607117431537,0.020648231315207207
2985,0.014292581756521143,0.02117569568930286
2986,0.014326581781719864,0.02154139403821133
2987,0.015361079386319162,0.022073104659796918
2988,0.015038113321455136,0.021557843803098064
2989,0.014732882133887118,0.021446309657466356
2990,0.014397546538484523,0.02105803900197526
2991,0.014677847753377191,0.02068044051388488
2992,0.015040502207756707,0.02116888964261
2993,0.016211519824453974,0.02132118107871906
2994,0.016036289049234896,0.021067223282364354
2995,0.015311840224009061,0.021599554214379237
2996,0.015312425845620993,0.02193725210631981
2997,0.015505602688952017,0.02193831605819129
2998,0.015735331522724605,0.022638882218700657
2999,0.014549494469433032,0.022207565348920006
3000,0.014808963922469066,0.022300296862890232
3001,0.014468473319112059,0.021450005731302246
3002,0.015158243471396647,0.02205606095213467
3003,0.015308081184442815,0.02267596358177681
3004,0.01580827371636639,0.023218720921692387
3005,0.014878835931970794,0.022383694595975653
3006,0.014938780672626726,0.021835846460646836
3007,0.015122000434252443,0.02169778619373622
3008,0.014769252181765133,0.021617527921848644
3009,0.015028472521434402,0.02144822306248492
3010,0.014927084325568139,0.021562432818534528
3011,0.015049013636314244,0.02026940508440663
3012,0.014571445817947563,0.020426243246416675
3013,0.015022358532359167,0.021490299933094516
3014,0.01587322270059733,0.021816925557957813
3015,0.01863201833800256,0.023137345701270007
3016,0.018708494536004417,0.023475491783850635
3017,0.016113687193191076,0.022134554063518153
3018,0.015798950215970844,0.0208638097002113
3019,0.015273702036670521,0.0192232945517607
3020,0.016919875495664764,0.020655084778409223
3021,0.01641995751328293,0.021037965060243934
3022,0.0167016736954392,0.022239980357848427
3023,0.017767199258784935,0.02299618248715202
3024,0.016688975495767918,0.02172538108501688
3025,0.016446711872535564,0.020341376776447647
3026,0.017575596151748328,0.02072706416178628
3027,0.01763217237594082,0.021371018990252698
3028,0.017662608721647693,0.02221117457929262
3029,0.018023222624780497,0.022496380470963733
3030,0.017882385014114023,0.022179689128498915
3031,0.017771997864996662,0.021416640705050765
3032,0.016549364124630754,0.020792517067296942
3033,0.016236396359348208,0.020619494234278328
3034,0.01663215911529693,0.021213988849599207
3035,0.017190172739503264,0.02219774238631783
3036,0.01732351452436904,0.022462155395918133
3037,0.01724807811071086,0.02219723269005197
3038,0.016657610327201696,0.021476907906899944
3039,0.01745948303768811,0.021656091916871293
3040,0.01764780100037242,0.021876492700276546
3041,0.017929872854280125,0.02270515407610733
3042,0.01873956722001427,0.023355177799103784
3043,0.018479217116611536,0.023226966900026322
3044,0.018589925993798183,0.022685510875042936
3045,0.017537845870196533,0.02222486895179873
3046,0.019197323317165487,0.02326273702138435
3047,0.02049401275010566,0.024198057501753394
3048,0.020362960055821305,0.024231231752489427
3049,0.019400625394025893,0.024408539281953558
3050,0.019589983927884448,0.023925947338870584
3051,0.018420340232204614,0.02263509405841347
3052,0.018095950476476073,0.022692982543326388
3053,0.019365255766108976,0.02375638698722494
3054,0.01890155771396333,0.02370221281744786
3055,0.018682445801293298,0.022894379614643422
3056,0.019065776150945995,0.02284955144886037
3057,0.018018672605185734,0.02242018317737109
3058,0.018036502368614867,0.02286919154721493
3059,0.01856090699251239,0.022994036971644535
3060,0.019080636218992173,0.0239203824763191
3061,0.019139301793188904,0.023419315159119367
3062,0.01893584011564846,0.023590465022731124
3063,0.018682789760078214,0.022985150857890206
3064,0.018572598385589036,0.021954981188864943
3065,0.01923609658732496,0.021694683171548993
3066,0.02003400948152485,0.0223406828766416
3067,0.020215694959452926,0.022663838838897176
3068,0.02022040429561183,0.02367928342919004
3069,0.019852034056063842,0.022207131834399624
3070,0.019416906101475687,0.022227911161371863
3071,0.020223783466799587,0.02304571404942841
3072,0.019198080590559816,0.022879023133828176
3073,0.02001793101831655,0.02330048210310273
3074,0.02019599576462119,0.0232355945960676
3075,0.0196812660558319,0.022573290923383057
3076,0.01941064623509297,0.022612048358666908
3077,0.019555637193501983,0.02241454954784915
3078,0.018439795511269876,0.02192086080804184
3079,0.018699431650143476,0.02186293132783132
3080,0.017715084394203384,0.020474976414576306
3081,0.018663549168140017,0.020869477319688932
3082,0.01868217046797539,0.020772448773303653
3083,0.018169408766369254,0.02075111346140304
3084,0.018220791045585587,0.021279941181060517
3085,0.019078050046481793,0.022194318005463936
3086,0.019091975941758238,0.022406170171093306
3087,0.019162323331687957,0.023200379577717544
3088,0.01804806352664124,0.02315600028442076
3089,0.017604385202099056,0.02287216811525465
3090,0.01690630971473531,0.02219961406163801
3091,0.016187707168356897,0.020908270885533323
3092,0.01622483681798007,0.02079815806422507
3093,0.016518053554052267,0.02219180695588688
3094,0.016684226155729384,0.022989150664375117
3095,0.01853917763263534,0.02311579739167354
3096,0.018796989620111955,0.02220335758807325
3097,0.017990059579734208,0.02169424472376607
3098,0.01753330815363962,0.02125572391121655
3099,0.01833368910171189,0.022229214013822926
3100,0.01902544214361677,0.023515556954932057
3101,0.018589769863379756,0.02278670013283939
3102,0.01858575467175873,0.02298206964600398
3103,0.01928298886583752,0.0246512664380266
3104,0.01949267737244082,0.024920738915019357
3105,0.018992350525648863,0.024055917645674014
3106,0.018958493929517865,0.023853186921608694
3107,0.018130427748470516,0.023817137221867672
3108,0.018623827901416472,0.02467845058531931
3109,0.01896883115873908,0.02456260670191101
3110,0.019548131728726728,0.024027312810949705
3111,0.018669073009154734,0.023521525952018053
3112,0.01844296057887663,0.023170834806608465
3113,0.018493643462625255,0.02228384282036095
3114,0.01871011598798793,0.022849144044046303
3115,0.017835128813718824,0.022070573601886696
3116,0.018933205231935465,0.022881783222835815
3117,0.01756602691258103,0.02259993404997643
3118,0.01870281169127064,0.02302862045731897
3119,0.017686322689258224,0.022631392542527044
3120,0.018601524942762546,0.023302896582813832
3121,0.018480092294630386,0.023045317627046626
3122,0.018715746392743354,0.02340480257781079
3123,0.017822027477894384,0.02231395107678473
3124,0.01681891764705493,0.021950598511257902
3125,0.017382600620788065,0.02113151374581127
3126,0.016674821425718484,0.020446575861462406
3127,0.015983666902313662,0.020826642684275063
3128,0.016792152357575446,0.021639004786045024
3129,0.016784266767926975,0.021266346391841297
3130,0.016791435894111577,0.021248129077193624
3131,0.016330026853194894,0.021598969583968834
3132,0.017085283025459527,0.02213553891860827
3133,0.015841706770814926,0.020779814072297145
3134,0.015711182452753863,0.020061719023129976
3135,0.015206008052803675,0.019716753900290554
3136,0.014598852859319042,0.020041046065060276
3137,0.016489842676337792,0.021739349476096032
3138,0.018142179673902557,0.023085702358321327
3139,0.018250918838807546,0.02433178775073669
3140,0.019069081694464207,0.0246247707267866
3141,0.017944715453922257,0.024237612283240343
3142,0.017252160570607085,0.023293181776186826
3143,0.01724332792542679,0.02304052285498891
3144,0.01641562424401311,0.02149462873365037
3145,0.014678044544343079,0.020202169024884333
3146,0.015367718832322814,0.02014959351971898
3147,0.01614078465111447,0.020795682584119093
3148,0.015610920793876052,0.02116637963049329
3149,0.01562629254294298,0.020201668239064212
3150,0.016300369169635603,0.02015010520116939
3151,0.016661414415005873,0.020789922115131684
3152,0.016600409576044996,0.019600731005459872
3153,0.015221083642890355,0.018627663563059654
3154,0.015368858084868441,0.01852369652496026
3155,0.016428367842216043,0.019164094217769694
3156,0.015653609255616797,0.018354755833779556
3157,0.016448599282837286,0.018633547109449353
3158,0.017266093476402632,0.019143887221051082
3159,0.017712435927848783,0.019891201851814852
3160,0.017052304115469576,0.020099748967696167
3161,0.019117560648345567,0.021973351217069073
3162,0.01906840420210524,0.021054345125339265
3163,0.018470063711203934,0.021492114187563843
3164,0.01806465398654237,0.022111551456084688
3165,0.017796670715000903,0.02190196230663547
3166,0.01647890151903608,0.01996642497588382
3167,0.0179809808398474,0.020176089822756118
3168,0.018884897784108994,0.01984304796681163
3169,0.01741468332505044,0.01990931236446808
3170,0.017865162466922584,0.02060474250120995
3171,0.01897851395813889,0.021189281016569913
3172,0.018451312787490643,0.02039449450244622
3173,0.018805335105794387,0.021288146108189663
3174,0.018078707486053718,0.022020478526951413
3175,0.01749806868243863,0.022660091515356983
3176,0.01850139515060654,0.022335367675964408
3177,0.017582196149909246,0.021223469968186942
3178,0.01712512449198192,0.021270363219676253
3179,0.016679328943448972,0.021192819334368763
3180,0.01709195877193788,0.022055218959914132
3181,0.017127625987424625,0.021805179139790527
3182,0.016867957870108117,0.02154314974032048
3183,0.016232098740242173,0.021476085573265993
3184,0.016666248688824853,0.02194146615578763
3185,0.01636124178735205,0.022554264158069114
3186,0.01641253779792047,0.022592666561224876
3187,0.016623933062146275,0.02327626908987579
3188,0.0175094290383611,0.023213950888602432
3189,0.016868357360436122,0.023013604972096983
3190,0.016000582926136115,0.022728512102861517
3191,0.017729373877920947,0.023503899162977283
3192,0.016396850780584143,0.022573397639214825
3193,0.014981219333530195,0.021937184147013
3194,0.01544925491312412,0.022239138136308182
3195,0.01605230982530333,0.022664378256874455
3196,0.016024344339541193,0.021887728421669157
3197,0.01583648442273678,0.02225419424630377
3198,0.015921349288756884,0.02184898676830311
3199,0.015467532100910123,0.02163769596349618
3200,0.014819849608833681,0.021283251966743227
3201,0.016237276562349787,0.02153207408203844
3202,0.01740237987935025,0.022216262410255747
3203,0.016326726460795617,0.021798720863857958
3204,0.01685727959805533,0.02163534858627549
3205,0.015803448027369823,0.021910026315531066
3206,0.01486088330904862,0.02152111063100045
3207,0.01569244600110509,0.02246895499367446
3208,0.01631786433384115,0.02283867990260001
3209,0.015683615324577026,0.022428973110246025
3210,0.01601599898126637,0.02224489777235051
3211,0.01642690492728303,0.02165313975997783
3212,0.017123714598682165,0.021544931672517035
3213,0.01799420272458411,0.021860721672387045
3214,0.018789087396768635,0.02212020302652308
3215,0.018911824948483466,0.022121273125010808
3216,0.018803618360563813,0.02271023943397582
3217,0.018079842031550965,0.02217611559632761
3218,0.0180654943985724,0.021784156084698948
3219,0.018163338513781664,0.021924148776322757
3220,0.016701379612147762,0.02278473348813127
3221,0.016843402292703234,0.022718776651711948
3222,0.016235738621399192,0.022702620102910506
3223,0.016361277156334786,0.021991136349949206
3224,0.01701414425920335,0.021789280098878584
3225,0.014941248614543557,0.021614956661523327
3226,0.013940165422295507,0.021776496581058468
3227,0.01615930136703881,0.02220752026515576
3228,0.01687919146650999,0.02220655050411564
3229,0.01612308095821766,0.021533375407910265
3230,0.016537969315579708,0.021524398787791072
3231,0.015456193636994148,0.021095630323234034
3232,0.015584769045889152,0.020839971768347804
3233,0.014312258667361941,0.021422645630073647
3234,0.013545193072483717,0.022204225834766493
3235,0.013309653808782948,0.02193653828255514
3236,0.014396726922569133,0.02295403797490627
3237,0.013795340971327664,0.022076984372177134
3238,0.014320738335710702,0.021672581359293903
3239,0.015097407600886632,0.022210178287383763
3240,0.015190729857471776,0.022515356295291188
3241,0.013876596704540924,0.021223353846546153
3242,0.013765379903753781,0.021126417080169164
3243,0.016102044950554388,0.02168795614174577
3244,0.01616703187013609,0.02113022168215269
3245,0.01363840979141123,0.019219223542886618
3246,0.016712592989262184,0.021268129835626117
3247,0.015625395327200794,0.02140752544006582
3248,0.015720524748869265,0.020324523617742587
3249,0.014896640592540318,0.02110903556117778
3250,0.014089621433407088,0.022131564299737217
3251,0.01359410576020897,0.021905700241310364
3252,0.014537485316043352,0.0220664660578898
3253,0.014094189601130987,0.022413181905076057
3254,0.013857213217627699,0.021613371550407885
3255,0.01385755380967023,0.021289751153382865
3256,0.01442390822659189,0.021824646345226854
3257,0.013895774399256041,0.021781723889867235
3258,0.014152831100543276,0.022035330248987062
3259,0.014670146007938919,0.020597521472830522
3260,0.013263067622272579,0.01913337878038858
3261,0.013652272011950578,0.019555660502625884
3262,0.016512590305720408,0.022084446346247667
3263,0.017747299140596286,0.0227487532102656
3264,0.01851536576058801,0.02360946629426646
3265,0.01569198891962949,0.022415230111226835
3266,0.01342767463399148,0.02240139019624757
3267,0.013751177998391791,0.022789410746429775
3268,0.013378353963406963,0.023054316704683078
3269,0.013826891803414516,0.02263179511442793
3270,0.013954958056021165,0.022758211926637687
3271,0.013906038004780984,0.02227465480016863
3272,0.01303115515031193,0.02187916433124892
3273,0.013444182585514974,0.022244498430694332
3274,0.013509954099330685,0.022573799615239133
3275,0.013675210122813457,0.022720976670740054
3276,0.013809940575123457,0.02312892271578939
3277,0.01413670740451048,0.023127832559036884
3278,0.01359610518264338,0.02178739973242595
3279,0.013573216659382912,0.021555273009088834
3280,0.014014801274651838,0.021704766045474368
3281,0.014842243153515098,0.021923073343709663
3282,0.016056672370178878,0.02180848402702593
3283,0.015438570296511004,0.021351028361929796
3284,0.015435839808469657,0.022001203378503666
3285,0.014826349951583474,0.022792554477344393
3286,0.01519969853142395,0.023051327230115846
3287,0.014583467152836932,0.02217465689620284
3288,0.01479205441540181,0.022575669664949845
3289,0.01514146756206726,0.023275705359397526
3290,0.014896684988311364,0.022478703842723078
3291,0.014819289615579068,0.02239220497076232
3292,0.014857624559962075,0.022020594517737926
3293,0.015393905248637747,0.022386804413681242
3294,0.015234160560836846,0.022444068480641215
3295,0.015066469760991708,0.021383544995802004
3296,0.01557778275540591,0.0214286793331333
3297,0.0149588897752293,0.020779167891817673
3298,0.015501953727033712,0.02120540922648729
3299,0.018101264473134482,0.023156291012839496
3300,0.018822776792736466,0.023829217389677217
3301,0.01710195855610316,0.02365939658243845
3302,0.015434507229666218,0.02307370924841258
3303,0.014525226853861593,0.020509663638763637
3304,0.016362172671371925,0.021669806011756988
3305,0.017167747879973397,0.021459251136630646
3306,0.015844140644408103,0.021644272618817025
3307,0.015686437597551017,0.020886593189866104
3308,0.015374532414744818,0.019929889228427023
3309,0.015189399066645551,0.019447813434516986
3310,0.017021246546881304,0.021005245684845384
3311,0.016478084845440277,0.021226753785234406
3312,0.016969926677249877,0.022443121717436634
3313,0.017279656055978303,0.02284010279978349
3314,0.017336371113614406,0.022513634701574407
3315,0.017198426651375928,0.022430308903635114
3316,0.01795584302305286,0.022478367552665548
3317,0.017522054115284236,0.022438313232749738
3318,0.017249970475907584,0.022059053018064198
3319,0.017434708994842892,0.02257323404443388
3320,0.01729557011563775,0.022656406440966306
3321,0.01625439671281125,0.021198388837394902
3322,0.01689665680476905,0.02206751898796556
3323,0.01733752537750019,0.022161602084809183
3324,0.01725311671580713,0.02276613149247546
3325,0.01742349390806871,0.022950546745799102
3326,0.017321249119787364,0.022239043075756502
3327,0.017547504121071915,0.02164679444429556
3328,0.01797292950373281,0.022380766904286555
3329,0.018769176419347854,0.022981950389973547
3330,0.01929887092208756,0.02365074583995912
3331,0.019758525690319457,0.023895289852061102
3332,0.018787569440252488,0.022506017004353295
3333,0.017808196090214168,0.022445778797579977
3334,0.017189695487062836,0.022143658327545876
3335,0.0176392554600344,0.023293116541883183
3336,0.017990770221850538,0.023171810295624207
3337,0.017849825989687033,0.023060852528549083
3338,0.0179705104447031,0.02361994185188762
3339,0.01856946209103801,0.02388510363837861
3340,0.018049404258446304,0.023308277944951543
3341,0.01744048963382214,0.02274293897728892
3342,0.01756962438575108,0.023685357204216533
3343,0.017846500508346824,0.024004922650719365
3344,0.018453553745127665,0.024452888761186842
3345,0.01775887965465615,0.023215957185232627
3346,0.017074781386191975,0.022985057971042035
3347,0.01758569346289674,0.02352592810609245
3348,0.017619712277513886,0.023716709668984568
3349,0.017455966950548633,0.023898677221550375
3350,0.01818473978330988,0.02453563808845457
3351,0.017934069750639197,0.024139992520721597
3352,0.017455917999453122,0.023948134653437588
3353,0.01706150496366002,0.02377096612699493
3354,0.01784354373106906,0.023793735883440997
3355,0.018329741931515865,0.02368328486770859
3356,0.017422678303520282,0.023342174546618587
3357,0.01824221096613494,0.023541593207079173
3358,0.01808091106392305,0.023253132929739732
3359,0.01719211072034222,0.02326724967090489
3360,0.017342528859707104,0.023250468939874553
3361,0.017722189293014154,0.023543630286788676
3362,0.017805624134763432,0.023774801568527692
3363,0.01731284544069993,0.02251799052176873
3364,0.01683493425674207,0.02213986675487612
3365,0.016902163337674872,0.022262170757743976
3366,0.017346956501406545,0.02236251941889815
3367,0.017860916418471186,0.022932981941684086
3368,0.017407562784262975,0.022422690584484047
3369,0.017344062138421226,0.0217705315805488
3370,0.017342818968540088,0.021738767312865642
3371,0.017187502732866157,0.02201655794539452
3372,0.016277791634107672,0.02133987983016765
3373,0.016707933102674773,0.02230011259631848
3374,0.01716754120232963,0.022729353082540555
3375,0.017393219302209877,0.022507720136564144
3376,0.016808023265121843,0.022298028665520754
3377,0.017515506041700688,0.022536923604841726
3378,0.017045619544816867,0.02286229977461477
3379,0.017067547879309995,0.022472518338330593
3380,0.017087489504274384,0.022723343670146202
3381,0.01654991003021515,0.022120807979912123
3382,0.016683278732575985,0.02197289315392091
3383,0.01654929026749276,0.020641013540852154
3384,0.015690070514342392,0.019927933818687654
3385,0.015643009696741313,0.019950468066921294
3386,0.016070340945854463,0.020334855292724774
3387,0.016977199678228357,0.02073089489108552
3388,0.016472637241233157,0.019520987022064576
3389,0.01704743731466289,0.020390037252804506
3390,0.016743854681697572,0.020248731461713465
3391,0.016860998791621316,0.020966656993225214
3392,0.017112319272043475,0.020792886569147247
3393,0.017644758369522978,0.021788926691392114
3394,0.017192885305074422,0.021361798880683368
3395,0.01717518614010135,0.021212786255394106
3396,0.017484706086909014,0.021105415788845037
3397,0.016377691223971407,0.020591639306058354
3398,0.016153828878806623,0.02006641959631016
3399,0.015907181458863252,0.020679172959155962
3400,0.016424429727648564,0.02073534867322497
3401,0.01721865922027639,0.021963267325196725
3402,0.017352749325483117,0.02178608430623865
3403,0.01581712143930518,0.020897035970185406
3404,0.016242742258094682,0.021053286640465768
3405,0.015563079807105116,0.020366146640440713
3406,0.016050455777092416,0.020395025170545658
3407,0.015948696792336868,0.01985884173246672
3408,0.016882284335084815,0.020202374776912096
3409,0.015627185269363783,0.01988497578134926
3410,0.016307633267694494,0.020137665267746414
3411,0.016371535295353536,0.02014103406014737
3412,0.01589157343173531,0.020066241474878097
3413,0.016664908005261284,0.021049262276763816
3414,0.01647803506321809,0.021677500152134856
3415,0.016337946985554817,0.02166507017425824
3416,0.017026009883995663,0.021486038786090945
3417,0.016470964202969486,0.02088828281398975
3418,0.016983630500063504,0.02203731242126314
3419,0.01659360449157843,0.022114790205195998
3420,0.016220299608913087,0.022139512670961918
3421,0.015199099126467483,0.02155952909086031
3422,0.015604802488753096,0.02102742464604158
3423,0.016122069393763618,0.021061235627042676
3424,0.016517515706963786,0.021158374155291013
3425,0.01614481315434034,0.02203849053612271
3426,0.015511307480889703,0.021575024880411495
3427,0.016414923314383118,0.021803827734545984
3428,0.01607082413653998,0.02109905079506287
3429,0.016594943351310208,0.02143772215323399
3430,0.015924133067036716,0.02177086765069448
3431,0.016272999138870474,0.02196319708778565
3432,0.01613508292428809,0.02078968375392248
3433,0.01615755099358246,0.01999371419670314
3434,0.016194706655583268,0.020849262588749015
3435,0.016464859864856216,0.021556926549803308
3436,0.016858160193944913,0.022416735173274076
3437,0.016430006563418392,0.022649432489780772
3438,0.0165027882734335,0.022264363047012844
3439,0.01590012019873472,0.02130392345844227
3440,0.016108319855994313,0.02079549211855988
3441,0.015241464131615149,0.020177568845267203
3442,0.014802898304394211,0.018668285408771034
3443,0.01612291347944221,0.018876519330428315
3444,0.017828216056280936,0.01961201973002987
3445,0.01928156337853538,0.020532589881689284
3446,0.017957979193423727,0.020096553317357334
3447,0.016195556759227882,0.019296676711410405
3448,0.015173084935154062,0.019692509582110423
3449,0.014355247702331495,0.01936665437214869
3450,0.014796952193123639,0.019340577625434965
3451,0.015114665259073986,0.020833198229316105
3452,0.015156801440857657,0.021655890683487628
3453,0.014349239901112603,0.021347494717205148
3454,0.014781244875063307,0.021605378542884378
3455,0.013726685523119165,0.021024516106413628
3456,0.013955995567854354,0.020949244720323685
3457,0.01388126627476261,0.020740739154982306
3458,0.013804776333832161,0.020993451783164117
3459,0.014274065483007064,0.02133132273488656
3460,0.014731651798577907,0.02102431016561151
3461,0.015865644698417305,0.020842523453256333
3462,0.015384602271306422,0.02056357763858403
3463,0.014766781001127877,0.021050991787107547
3464,0.014718274646416014,0.021517038132354487
3465,0.014466843138062091,0.021504738381229235
3466,0.014474072740920553,0.021454066799089674
3467,0.014644387769372763,0.0216545766630523
3468,0.01435650873893506,0.021357669917312572
3469,0.014497355739918309,0.02178662936631798
3470,0.014518504346920326,0.021319287057296944
3471,0.015124282539364521,0.022076016289431476
3472,0.015557563932628379,0.021822033147987124
3473,0.01563149777380176,0.02204755941590687
3474,0.015100379966137657,0.021595371208009154
3475,0.014468880869387567,0.02197897200789809
3476,0.014365651640199527,0.02212686727328679
3477,0.01458774061603358,0.022082824764743277
3478,0.014571347182651788,0.02210735008198712
3479,0.014692006376844289,0.022161289113129798
3480,0.01409780705731311,0.020915334532560597
3481,0.014475438326715172,0.020910686354722274
3482,0.013872676788274745,0.020006906548198918
3483,0.014601073102854807,0.02025309981444269
3484,0.014775070745893452,0.020882536084983132
3485,0.01450278673418121,0.021191529202442716
3486,0.01452625716449442,0.021594107385174897
3487,0.013513460463021418,0.021039607370029873
3488,0.013017338407274622,0.020037344316744074
3489,0.013936600816378968,0.019959083516882824
3490,0.0141539742157021,0.020809878023718403
3491,0.014647254843911255,0.021572069327329198
3492,0.014356076634067577,0.021377406472380275
3493,0.014575814842537204,0.02074655041609478
3494,0.014298941211892955,0.021265364529622233
3495,0.014194607105307493,0.02194706511078191
3496,0.013890669153481522,0.02209207831217314
3497,0.013573693124735709,0.022208328547582805
3498,0.01347995226833934,0.021561345500287023
3499,0.01380612617804515,0.021390824649886373
3500,0.014147199583166011,0.021407035745126642
3501,0.013965937013517124,0.02117825688739833
3502,0.014689515220609168,0.022051784457884003
3503,0.014950496242756347,0.022502487762640886
3504,0.014415292587488499,0.021845266361553994
3505,0.013911060184995197,0.021400592841898908
3506,0.014584260058082332,0.021726931402139636
3507,0.013610429011536073,0.021677212562752127
3508,0.013570060295356385,0.021295452544386223
3509,0.013628877931610894,0.021370295788378024
3510,0.01437271410764776,0.021822503488406263
3511,0.013964988013008628,0.02154559724649551
3512,0.013555450442736374,0.021771589251815337
3513,0.013539727886549087,0.021170973017436555
3514,0.014438751631859715,0.021855557590723503
3515,0.014499084474292013,0.02224794245338671
3516,0.013815046787752765,0.021954405251131227
3517,0.0141498898632018,0.021745695428820867
3518,0.013587432180930498,0.021414278362693086
3519,0.014114452816413122,0.0221200052171168
3520,0.014073107668228765,0.021573203924866956
3521,0.013810736550312364,0.021042269991030656
3522,0.01363257734184641,0.02087946437838736
3523,0.01436171983297373,0.021243408101019098
3524,0.013911545808620803,0.0208679854982113
3525,0.01486876035902552,0.02078931486757947
3526,0.014966623599124845,0.02105405950502806
3527,0.01557578542586669,0.02112354678018037
3528,0.014618900458666387,0.020191783925210472
3529,0.014578686922492302,0.02103920165181687
3530,0.013485771648458886,0.020124327650809806
3531,0.013296506285485378,0.019989069304609013
3532,0.014581617392128522,0.020159867901098534
3533,0.015397986426443213,0.020733413784168896
3534,0.014607261368490007,0.02064815785961261
3535,0.014115365399983199,0.021053049910465894
3536,0.01366157019166906,0.02082858579119969
3537,0.01280850882788929,0.02087516631248762
3538,0.013402503637136987,0.020887190297917732
3539,0.013090714235077083,0.021385726825950052
3540,0.01317623295399847,0.02104821311594933
3541,0.012845148411874382,0.020574715784800635
3542,0.013129482043974579,0.020277374704235112
3543,0.01346742659442937,0.019958390266988403
3544,0.01359912124289997,0.020065571188724846
3545,0.016122303173510343,0.021628749381998057
3546,0.0174442502978178,0.021880660411611633
3547,0.016467001735603563,0.021292030450250285
3548,0.015285614545910372,0.020960336216764828
3549,0.014042034056444734,0.021664484517448016
3550,0.012995681366868048,0.022218816102325994
3551,0.01231991189863496,0.021494925661224577
3552,0.012157674747983826,0.02098273513474636
3553,0.012632437404200574,0.02134819398507134
3554,0.012399743682409358,0.0212150577867116
3555,0.012298210554345022,0.02097961349163818
3556,0.012499652077547503,0.020789560626685414
3557,0.012910077235155231,0.02133235181666582
3558,0.013231992436487714,0.02164750474108614
3559,0.014071969974250007,0.021830404113877124
3560,0.014325562594898323,0.021747951701449546
3561,0.013098721849738667,0.020845115824099834
3562,0.013060263671961716,0.02123786105689906
3563,0.013341142568597406,0.02146583317926346
3564,0.013315598538573413,0.021638060616472426
3565,0.013724858047477096,0.02184667323644847
3566,0.013729897019205168,0.021916537047443185
3567,0.013529011774758012,0.021131060428797768
3568,0.013408945572088249,0.021116670171862386
3569,0.0139987695493214,0.021297734251700284
3570,0.01496241298371491,0.021301725275126596
3571,0.01499791162532096,0.021277994115429164
3572,0.014435196435580225,0.020987858481766337
3573,0.014111512607476144,0.020674549094013377
3574,0.013963910786409633,0.021194187892082106
3575,0.014058820175311322,0.021430934455762263
3576,0.013910847722792583,0.02141655241451526
3577,0.01451335374715225,0.021668842986089263
3578,0.014515360930254637,0.02115964703982985
3579,0.013805025309085919,0.02068674721110741
3580,0.014774443653608733,0.020194143645435893
3581,0.015137975425881474,0.021229714117164847
3582,0.014617442311474547,0.022543428978787347
3583,0.014631536256299765,0.0216536504761696
3584,0.013621351555021574,0.020775592519069176
3585,0.013505001352486034,0.021202660100817824
3586,0.013272793627762887,0.020168552651867577
3587,0.014403476585128592,0.020793511913379997
3588,0.013966658548340725,0.02126910633282748
3589,0.013751491681407801,0.021310846198446618
3590,0.013845066593438711,0.021119443014887856
3591,0.013869002639586209,0.020835184663425606
3592,0.013864502071940867,0.020592651500451652
3593,0.014353876838043993,0.01998428158514272
3594,0.014159376288032292,0.019841533618555916
3595,0.012856100178144175,0.017342571893341006
3596,0.01491206181518467,0.01826048250873766
3597,0.01585175812403283,0.01912294712065259
3598,0.016769665827399735,0.02022919690033706
3599,0.01661841906685642,0.020702366759136438
3600,0.016598017730947046,0.020614984558793566
3601,0.016056578928943768,0.020572448665796772
3602,0.01594300911816225,0.020532402818246843
3603,0.01504249316425076,0.020348383109691025
3604,0.014861658724086275,0.02109479680622973
3605,0.014453736109480118,0.021452606163571013
3606,0.014877041839615619,0.021596327659169367
3607,0.014720379251268383,0.021252013531487673
3608,0.015215328222600027,0.02199451875800853
3609,0.015236597485317263,0.021781601581948126
3610,0.014687261927195645,0.02174423842375563
3611,0.015326688872041947,0.022541401440135903
3612,0.01542469494319849,0.02284337081987372
3613,0.01534567212328546,0.0225737787169738
3614,0.015116055026334445,0.022074897981889177
3615,0.014849273317734148,0.02259121807583074
3616,0.015341464807147409,0.02235126321411586
3617,0.015457513051542133,0.02241440790583556
3618,0.015319630050237142,0.022912200603200258
3619,0.015249279433441931,0.023085200193672252
3620,0.0155404833261518,0.022390197983238835
3621,0.015296730366065365,0.022264050423861644
3622,0.015617383232637585,0.022784557017185642
3623,0.015269447437716991,0.02210044123701629
3624,0.015327266599634324,0.022887563003699537
3625,0.015640033452731145,0.02281721823188205
3626,0.014897741504261729,0.022101158874995048
3627,0.015020893308523004,0.022398427875330404
3628,0.015365719426094503,0.022032134717381267
3629,0.014883496732552084,0.022272146494453464
3630,0.014993410284671986,0.022591741959689368
3631,0.014726843084099408,0.022417189704911217
3632,0.015331648432746387,0.0222441204018797
3633,0.015601412421016451,0.022133891219506315
3634,0.015564526693565917,0.02222744440195232
3635,0.015673108459524725,0.022150680373552677
3636,0.016511461320327814,0.022827693845647774
3637,0.016033895945826854,0.022727224741550454
3638,0.015771289034182814,0.02223874029679387
3639,0.015936116378736775,0.022177906636181657
3640,0.015924447545877286,0.022162903047853864
3641,0.015564764892830698,0.021476298335331545
3642,0.01619740075781342,0.022225689785715697
3643,0.016233561127266025,0.02225399900353392
3644,0.015906112413601823,0.021932592323543987
3645,0.015928885074466964,0.022129731600924074
3646,0.016386419529201827,0.022252251178400566
3647,0.015446517799201653,0.022231815291606796
3648,0.016127500077930214,0.022454051607341492
3649,0.01659049407130351,0.02255906256328692
3650,0.016221528387099445,0.0226828848287106
3651,0.016637500742633683,0.02285372713575842
3652,0.016626954413562812,0.022738402296961297
3653,0.016542145903499957,0.022529338809744122
3654,0.016060159976600628,0.022357103244739735
3655,0.016248084429378005,0.022620847488095126
3656,0.016580279808898923,0.022671083142012344
3657,0.015983401262852144,0.022148675262296875
3658,0.01616043887338277,0.022003904607501006
3659,0.0162301414743726,0.02185397177961618
3660,0.016378795587531452,0.02247253591926549
3661,0.016351882111935046,0.021997135117366232
3662,0.016129634984492464,0.021880921057329295
3663,0.01633314748240949,0.02233165809874043
3664,0.01635741281670496,0.021845049201001665
3665,0.017014625764527145,0.022648923676051567
3666,0.016271524399570424,0.022803721100302033
3667,0.016648442455450756,0.0224956753239733
3668,0.016773589133785786,0.02259612403803059
3669,0.016164350665847812,0.02199751935425907
3670,0.015906339542304714,0.02166324698856898
3671,0.015748661741359714,0.02211339239544968
3672,0.015480239571282188,0.022183479650501214
3673,0.015107176084798614,0.021984354782915036
3674,0.015840380987981212,0.022264049946340566
3675,0.015065482172835952,0.021701366712419762
3676,0.014888057677924678,0.021565082015636835
3677,0.015420705200544057,0.0217052037489995
3678,0.01554957061675924,0.022077209489730812
3679,0.015397144521765051,0.022276175449942152
3680,0.015755002632828065,0.02241802366265975
3681,0.015104094634839938,0.021698308654418953
3682,0.014905350237637767,0.021582134170763746
3683,0.015072455431984171,0.022078046337794158
3684,0.015341193371860828,0.022094165192147238
3685,0.015041242571542832,0.022358738230525855
3686,0.014780978905920143,0.022134986171001896
3687,0.01561158010822935,0.022613179232549872
3688,0.015183354099551632,0.021804166201647206
3689,0.015226616772769994,0.021989288705651547
3690,0.014949957608252486,0.02219177214871491
3691,0.01566056549179089,0.022753125069718654
3692,0.015337190029960136,0.022402927244690046
3693,0.015267389366249676,0.022190242515947912
3694,0.015284103039475807,0.02240217229137117
3695,0.014848569753355212,0.022582121732633555
3696,0.015233004569437731,0.0226333540474802
3697,0.015221943638373573,0.022726852187879072
3698,0.015192526413730745,0.022348928873007386
3699,0.015614514673785749,0.022230232469021467
3700,0.015705512904680915,0.022649117654430753
3701,0.01565756212955442,0.022203649551468453
3702,0.015315406900969027,0.022728787165282437
3703,0.015873000339948835,0.022636251137877907
3704,0.015485310273285783,0.022562525666292844
3705,0.015179329941428092,0.02200050739092443
3706,0.015431883774585922,0.02215927854319532
3707,0.015387462131283275,0.02247197068847002
3708,0.014774924326493216,0.022081521607138818
3709,0.015279077430674507,0.02316161493682632
3710,0.015550017083374966,0.023039310557779028
3711,0.015230312984747427,0.022451700272081255
3712,0.015170855982384884,0.022508055607309015
3713,0.014618177922335954,0.02197954434560955
3714,0.014308043475339458,0.022062081336159015
3715,0.014534016942419117,0.022579989535068984
3716,0.015217487553766989,0.022425883837885262
3717,0.015780052705401736,0.022687128452686372
3718,0.015487035664715158,0.022276780510206325
3719,0.013999777628532767,0.02136958518219178
3720,0.013990715820653503,0.021408067932940505
3721,0.014373187135755371,0.02125458242094835
3722,0.014504239521548131,0.020684082789553197
3723,0.015086852131313874,0.02209207831652717
3724,0.01510302555658072,0.022012557964519053
3725,0.01592122143852569,0.022895692316122228
3726,0.01583485504349699,0.022779673383567033
3727,0.01508939266264258,0.021553846018805833
3728,0.01656941999583843,0.02170962489338449
3729,0.017956400589811725,0.021658891241928584
3730,0.017329531530287993,0.021184676782793812
3731,0.01664048803799879,0.021250655590661655
3732,0.017005926046736973,0.021717613244896267
3733,0.0160160218728301,0.022061861688868964
3734,0.01654582313613937,0.023011924272374456
3735,0.01608913452067465,0.02255807705521331
3736,0.016225106472208508,0.02295080918478533
3737,0.015896715122638093,0.022654929054298775
3738,0.016845515078426136,0.023417289200236693
3739,0.01641846670086162,0.02360324603878179
3740,0.015915833007110514,0.023444962232502947
3741,0.015045743481777606,0.023267452470971003
3742,0.014233497540359904,0.022775327923180586
3743,0.014099351945234567,0.02257530933055731
3744,0.014298553306012748,0.022645723672062915
3745,0.014752282409456216,0.022676465447060583
3746,0.015072472580822326,0.022920210058327183
3747,0.014031984106012637,0.02305920922126642
3748,0.014755456251718134,0.022934016984294887
3749,0.015028079213533796,0.023235858377694808
3750,0.01506837916976997,0.02310154117868191
3751,0.01409704350467875,0.023075242591390273
3752,0.014529610231684044,0.023374794889533805
3753,0.014549952296299913,0.02321877611473482
3754,0.014790859468050966,0.02310117763176152
3755,0.014928026913841787,0.023430840168744048
3756,0.014726584884133417,0.023031004736660636
3757,0.014551672638366157,0.0241017110407435
3758,0.014762831353416899,0.02385996599200389
3759,0.014795183471777034,0.023556151562742014
3760,0.014417341713606723,0.023761907115988606
3761,0.014917002215267698,0.023645294056168567
3762,0.015063367378492306,0.023082818893870077
3763,0.014822201163317455,0.024020649803431337
3764,0.014276204110383077,0.023543696006124343
3765,0.013817312920326789,0.023529962567983655
3766,0.013915910467054517,0.022921245867184196
3767,0.013781861468874512,0.023106865010419485
3768,0.013687898096660737,0.022822230190261215
3769,0.01302215521583154,0.022478695102490048
3770,0.014063121043873025,0.023338235661907052
3771,0.013502790247812394,0.023366672235232047
3772,0.013273437048668364,0.022909249303064233
3773,0.012991821142862124,0.022420798931677144
3774,0.013660452905007421,0.022637174945461688
3775,0.014155914691197782,0.022403145426032358
3776,0.014332655633503607,0.022476873333368858
3777,0.01464902208441739,0.023216661532664024
3778,0.01416557984688537,0.022625773300614226
3779,0.014312342056538732,0.023139039038903905
3780,0.014073349412011719,0.0229001643341326
3781,0.014100174129805852,0.02292523087047299
3782,0.014188199639709381,0.023545455022563916
3783,0.013929819023430387,0.023059246827369265
3784,0.013719094419378068,0.022990506674247266
3785,0.013637207600165825,0.02275031599818948
3786,0.013331631647173483,0.022573125794146814
3787,0.013789373954836476,0.023165168290973825
3788,0.013167010294516307,0.022922297854629996
3789,0.013427348938486225,0.023491818636518093
3790,0.013613410161658384,0.02270121720731234
3791,0.012870407868588816,0.022838031055732688
3792,0.012544020429620358,0.022379662969881066
3793,0.013045892620397466,0.023441985035234526
3794,0.013473856586901272,0.023549048824595603
3795,0.01372180263362539,0.02388433196268193
3796,0.014054264463218578,0.02307762731854581
3797,0.013945042311988759,0.023203843873390546
3798,0.013662600444258275,0.022609982403520506
3799,0.013453755155992774,0.022819800891765562
3800,0.013554659453059838,0.022656275742524996
3801,0.013090342590639893,0.022516792420796315
3802,0.013290411288292479,0.022374217900918644
3803,0.013330664200192585,0.022380656717454827
3804,0.013419605147513522,0.022196512110149558
3805,0.012921791939646913,0.021861258561141843
3806,0.012757325679766212,0.02208090978246728
3807,0.012836698342407598,0.022694494045116604
3808,0.013031355018589236,0.022486973083292314
3809,0.013858963630436986,0.022251842808850474
3810,0.013847464871428634,0.021503251377730886
3811,0.013554092410143262,0.023047550301021257
3812,0.012938298989077742,0.023168806569423977
3813,0.013445786160773987,0.02411266003726696
3814,0.012650045287113219,0.023548679214575645
3815,0.013292649810353857,0.023068153176263914
3816,0.01360219529221256,0.023209065388315388
3817,0.013137114536142934,0.02328588251141251
3818,0.012807204105004227,0.022868732309783518
3819,0.013102271207770263,0.023144416101565295
3820,0.01338925594623007,0.02304808616564988
3821,0.01367751317528892,0.02257431377282588
3822,0.013981371791684469,0.022498467117801284
3823,0.01391313593165862,0.021841146332205297
3824,0.015777560581985033,0.022674191849543217
3825,0.01574648177990796,0.022799847358248866
3826,0.015471036322951324,0.023202867143390794
3827,0.013883630399299417,0.02296314124074961
3828,0.013326983193778818,0.022823987888082934
3829,0.012798628172930412,0.022576901145162257
3830,0.0127991906672142,0.022764244043350035
3831,0.01267179614622346,0.022959150081917765
3832,0.013264281849186923,0.02334282034464049
3833,0.012324869687708961,0.022994497830352296
3834,0.012319761424565997,0.022188505038998985
3835,0.012882305347494316,0.02273679773360868
3836,0.013186910767923747,0.022702815292250485
3837,0.012402522633824473,0.022730525782689963
3838,0.012837194112780104,0.02306177395414657
3839,0.012866553823412454,0.02246521757379671
3840,0.012801561942595744,0.02237069533234187
3841,0.012677690089004018,0.022278440237241494
3842,0.013512888729176022,0.022784979624317313
3843,0.01378933970647928,0.02306150509385968
3844,0.013578497565111789,0.02312264509078288
3845,0.01382931701974558,0.022854461847024575
3846,0.01296847109041845,0.02237370492952412
3847,0.013843730709396838,0.023032402673525285
3848,0.013494116532523802,0.022262657330454752
3849,0.014031397223338331,0.02271819234647772
3850,0.014419386664942125,0.022737008043306122
3851,0.015290976071212464,0.022815178758679774
3852,0.015103422554660642,0.021941534396452664
3853,0.014673022967081386,0.022353239486536815
3854,0.01441288589402091,0.022010819985092443
3855,0.013855751265519443,0.022745466589389803
3856,0.014148609670780698,0.023391936567695212
3857,0.013858403997869547,0.023462555188521073
3858,0.014088465349377268,0.022511186267494262
3859,0.014039045809191712,0.023398664228285314
3860,0.014390425363201256,0.02313817088624632
3861,0.01462078477682021,0.02297135571002084
3862,0.01526416012451597,0.02275057679480486
3863,0.016607939211486313,0.024057673809148243
3864,0.015264166559363107,0.023175866086575993
3865,0.014414891854230961,0.022201550935122185
3866,0.014129288804165249,0.02269894978373382
3867,0.014338666614868725,0.022360249482171555
3868,0.013655561317708441,0.021537319385027405
3869,0.013835191023489433,0.021608483962208016
3870,0.014185473248305087,0.02128775997847878
3871,0.01428467754116473,0.02151417258164997
3872,0.01446083813289768,0.02173335038354834
3873,0.013793083908263051,0.02098304404959208
3874,0.013716490102520388,0.021440628687965424
3875,0.014614875992329406,0.021950351492939658
3876,0.01448114149685294,0.022136527881301073
3877,0.014700377946963999,0.022693325002036392
3878,0.014632937566237965,0.02194222200906291
3879,0.014286237906557383,0.021984446105345324
3880,0.01442705694509248,0.021801368978184722
3881,0.015003933781222074,0.022447428784439203
3882,0.014522174774519149,0.02151052099909721
3883,0.015397505288923722,0.021716921772942696
3884,0.015525439962030691,0.0217771945754341
3885,0.015614234768921919,0.02227178714067139
3886,0.015091930941251887,0.022239167414969205
3887,0.015306532103580387,0.023040843713629716
3888,0.015567655403415417,0.022899773107540815
3889,0.014854222688577126,0.022422242519693762
3890,0.014687762517350246,0.022408827195315447
3891,0.015718354843387038,0.022723802326060118
3892,0.015670270091461783,0.02264332221373903
3893,0.015499713567263967,0.022840956140979023
3894,0.01545390021440819,0.023098393204075512
3895,0.015080475911684772,0.023004351119630045
3896,0.01488031436124106,0.023041249688520594
3897,0.015025937816941228,0.023150093415537667
3898,0.014790511993012302,0.022683106785021303
3899,0.015718195099387273,0.023656867154757972
3900,0.016129996344020972,0.023742518096976754
3901,0.016795551332413384,0.02374922478939772
3902,0.016259632602355602,0.02331948782540074
3903,0.016509695401298954,0.023351679220608455
3904,0.01585590522512023,0.023536129753439335
3905,0.016159863442231085,0.0243904767912427
3906,0.016001959366682618,0.02352493469504592
3907,0.016223461367300906,0.02378420086871151
3908,0.01621630887646119,0.023178290915377042
3909,0.01685071003822371,0.02367599603996418
3910,0.016255837140694996,0.023756458653474356
3911,0.01673683246807938,0.023925594390876357
3912,0.016995681438894312,0.024358776537395904
3913,0.016886294511352838,0.024151031869274565
3914,0.01662042397248186,0.02448411964239108
3915,0.0170500207329987,0.024360654275210464
3916,0.01738145419812575,0.023864954260878233
3917,0.017067132057326066,0.024178402953177906
3918,0.017004895060688946,0.023931731123920035
3919,0.016413146455321975,0.023324828342837337
3920,0.016460587167360693,0.023733319111997737
3921,0.017161088245612847,0.02402530121683807
3922,0.017388146686107952,0.02413795343510181
3923,0.01746285012217421,0.02455758053618931
3924,0.017512283791633766,0.024027836473520935
3925,0.017252576463094995,0.023819120186510775
3926,0.017590122122142445,0.02403484450084948
3927,0.017245303489450265,0.024232695136110614
3928,0.017049250871478735,0.023995965141964955
3929,0.01766362882109326,0.024436138850902227
3930,0.01758327406146237,0.02461992814818094
3931,0.018232929175009384,0.024475875066257667
3932,0.01737828027404638,0.02405277989731223
3933,0.01724625678888581,0.023736072035202137
3934,0.017448778402905502,0.02378647666526075
3935,0.017522284518985635,0.023376113820441986
3936,0.017621408972441986,0.02388866421743548
3937,0.017730628057230455,0.023604706392051745
3938,0.017241074302540134,0.02350948218891936
3939,0.017222624308574196,0.023141809207875338
3940,0.01710708523228542,0.02369237275925682
3941,0.017272277019647942,0.023952019313965293
3942,0.01780094291791095,0.024142456777883705
3943,0.017057873349550792,0.024151473082277018
3944,0.017823550987253165,0.024200529175536816
3945,0.017039941351893788,0.02362417139967186
3946,0.017702412458210158,0.023986485454583602
3947,0.016897151482156512,0.023546435175642717
3948,0.018040315522063765,0.024542351743324253
3949,0.017014550758423726,0.02322362695145761
3950,0.017187881414964183,0.022865740319683792
3951,0.017124430564095603,0.022787001885516342
3952,0.017326245253351587,0.023324281068420497
3953,0.01698230213004572,0.022979443739278748
3954,0.017462987389869407,0.02330871473279548
3955,0.01811268825890397,0.023446726688249268
3956,0.018462345699996743,0.023701875329974767
3957,0.018315933110922257,0.023665955891000994
3958,0.01800212863364628,0.023353748230603707
3959,0.01742277884758251,0.023492672441184775
3960,0.017272104899922324,0.023622623046498047
3961,0.01772155618070317,0.023317049024972638
3962,0.017094967419128543,0.02230715486103653
3963,0.01654227515479728,0.022340371231220672
3964,0.016498673121194237,0.02272876239495064
3965,0.016428376173509812,0.02264305177268062
3966,0.01672209113081558,0.022742817441397476
3967,0.01702502513845236,0.02309286416926429
3968,0.01690000653605808,0.022660616628346567
3969,0.01623423436432484,0.022157317532617588
3970,0.016819976843215432,0.02309773327331623
3971,0.01672657917121932,0.022988729219527153
3972,0.01694911186468261,0.023300607306353093
3973,0.01755876079696647,0.02383266119078704
3974,0.016883031648025692,0.022748770257535154
3975,0.017287676320194723,0.022787359956827482
3976,0.017662009894680163,0.02300724254517947
3977,0.017247041715463703,0.02211066736549501
3978,0.018021582140932104,0.02284005710938535
3979,0.018423183051540656,0.023293728538844656
3980,0.017796960920365573,0.022853503981096125
3981,0.017148160780462024,0.023153190493786974
3982,0.01743878622983014,0.023258618569227344
3983,0.017548841679688357,0.023317490743451453
3984,0.017350592661224774,0.023447889693259963
3985,0.01683175174174871,0.023038320774423922
3986,0.0168258998603175,0.0226136171236053
3987,0.017171212434671613,0.022612049503433287
3988,0.017282684264282346,0.023126659509258376
3989,0.017676348174179374,0.023387359908053545
3990,0.01722617365035994,0.02274280904573509
3991,0.01736040431991142,0.023299115430009017
3992,0.017489678915566974,0.02300813764333906
3993,0.017268833163871296,0.02282322820742837
3994,0.016709099343056647,0.023097517144739833
3995,0.0168875496378951,0.02263339849477529
3996,0.017648139479273742,0.023349492282377305
3997,0.01712395738491335,0.023264021959295122
3998,0.01767459577367506,0.022998868334191427
3999,0.017094393013842284,0.02249919824966973
4000,0.01726421386355784,0.022863851128015207
4001,0.01735878019943338,0.022634528832159946
4002,0.0168381874721508,0.02271688144200691
4003,0.01716459052444256,0.023611634083062893
4004,0.016907832399529976,0.022904699838299736
4005,0.017157908793758708,0.022849073251929735
4006,0.017602836607888157,0.022973580780252092
4007,0.017547588939483605,0.022480460071631864
4008,0.01722031238985261,0.022201226090796795
4009,0.01650909408309124,0.021260095397011035
4010,0.01685647876356778,0.022185887850083637
4011,0.016378182212901958,0.022278703448051336
4012,0.01622254343550673,0.022922889453639263
4013,0.015973030063827106,0.022331286661508663
4014,0.01519016456276545,0.022203205604718876
4015,0.01591541370580949,0.022549702333101218
4016,0.01664784649741213,0.023424292813373895
4017,0.01580082531246395,0.022623815897125577
4018,0.016295241286745598,0.02275811251555075
4019,0.0158060991873293,0.023381605621670472
4020,0.01594225529199948,0.023200745937277
4021,0.016566214989880375,0.02348770850875323
4022,0.01625364495790703,0.023216438124746636
4023,0.016088487116432147,0.023325207666779327
4024,0.016660927414304437,0.023237795228110026
4025,0.01698434084837534,0.022757629750127316
4026,0.017208466183055396,0.021994557135992614
4027,0.019269285024292256,0.022133438343544993
4028,0.019874286058524614,0.022465647594819206
4029,0.01952680127462653,0.022249537826183184
4030,0.019482377035508987,0.02293976414721351
4031,0.018748002954156004,0.023079873723529244
4032,0.01760685652162135,0.02231013152695075
4033,0.017469321786467505,0.022494258999330434
4034,0.01810319814058282,0.023152238916728
4035,0.016906177706685396,0.022257014940000333
4036,0.01670256692859516,0.022027247991363855
4037,0.01658247219912704,0.022082462545055404
4038,0.01652737471770505,0.02213474004301563
4039,0.016804933670038855,0.021967913377944067
4040,0.016746197387257113,0.02231800756930048
4041,0.016535942311082935,0.02171839449300245
4042,0.015967970724077924,0.02121838539031257
4043,0.01607929930950296,0.021747302676447557
4044,0.016921692023575893,0.022441602522036124
4045,0.017176746276092034,0.02308190574162788
4046,0.017219205978257986,0.022543153045013052
4047,0.017319008130787406,0.023019312282617013
4048,0.016734243307600993,0.022684206040017956
4049,0.01672275333871607,0.023184342021867112
4050,0.016697396920362362,0.022898494583066597
4051,0.01672197593657832,0.023221173226534036
4052,0.016940681178576538,0.022946716516130918
4053,0.016861573375059634,0.022599628803805588
4054,0.0160694208583719,0.022418217025965657
4055,0.016179381310832578,0.022034515806099022
4056,0.016322512068659152,0.022298624791380856
4057,0.0164665393514713,0.022663302686249918
4058,0.016172303576438906,0.02253928357664853
4059,0.016269616407052014,0.022379987606732366
4060,0.015583862307900244,0.021875447370508904
4061,0.01562520491517427,0.021936411723610515
4062,0.0158971006574598,0.022044371855160467
4063,0.014856960126461403,0.021333020842387463
4064,0.015432997287980251,0.021789274311626784
4065,0.015131203467328486,0.021605305321290163
4066,0.014913580164743234,0.021450007845240118
4067,0.015395872818676503,0.022010380245697625
4068,0.015589127007340154,0.022030033199432347
4069,0.015210898290451897,0.022134958792482826
4070,0.015488302352654281,0.022042396602171728
4071,0.01594869311769028,0.022729937892046442
4072,0.014883580157446463,0.02193373826546414
4073,0.01500396985380449,0.022085486220090524
4074,0.01568434504790672,0.022941195805172142
4075,0.01589166313740545,0.022581190044837215
4076,0.01616274727899314,0.02269267503092748
4077,0.01615925049250426,0.022773118226296022
4078,0.015548445781718722,0.022463134159995984
4079,0.01617481111555616,0.023166443141344188
4080,0.015856107824454624,0.02327142888706653
4081,0.015576762899697694,0.02332130219859611
4082,0.014992657931411586,0.02277478454344908
4083,0.01508523943888702,0.024188032791821558
4084,0.014569225280482191,0.023396429974949038
4085,0.013657785484597257,0.02343775163455071
4086,0.01456798143259363,0.023837971781443604
4087,0.01431836474125708,0.023329155815297774
4088,0.015048644593468299,0.02374383502959971
4089,0.01462978213157145,0.023426729565061935
4090,0.014820107486368706,0.023230227653481463
4091,0.014743849837847276,0.023017088994614972
4092,0.014431394278580307,0.023192531318962643
4093,0.013964845005929814,0.02327716062958439
4094,0.01465287362258887,0.02354121023330064
4095,0.014662869164883775,0.023662406590618083
4096,0.014697606106348217,0.02308452416187719
4097,0.014886511221987525,0.022959880604394023
4098,0.01564436124681896,0.023084716462323317
4099,0.01510904152205672,0.02308328179844839
4100,0.014816193449372734,0.023233245045471317
4101,0.015180227569849668,0.023056424674651695
4102,0.015345160941510715,0.02345972338317038
4103,0.015219732391092995,0.022787146046163723
4104,0.015282962575431028,0.02273813054535671
4105,0.01510506755280944,0.02195943187539768
4106,0.01552971317151215,0.02220548927804314
4107,0.015818547773687443,0.022956665215565764
4108,0.015377623589160432,0.02281807984812765
4109,0.014568986299358981,0.022154718504676433
4110,0.014408727140516657,0.022174144892869604
4111,0.015095928754077451,0.02220173923654713
4112,0.015548105937673348,0.02205487253236771
4113,0.01497719821074688,0.02167691675115667
4114,0.015189669074991556,0.02162626801551336
4115,0.015802660193572307,0.02125028536935086
4116,0.015037222195624011,0.022072950963856027
4117,0.015485058082912584,0.021582180255701085
4118,0.016696177798109606,0.02134948285106239
4119,0.015925905776741644,0.021848331442046308
4120,0.015203734175828541,0.022501870358564983
4121,0.014808205896232673,0.02243032885233493
4122,0.014492478835568699,0.02227624925704318
4123,0.014839286616786886,0.02230585344396038
4124,0.014372798956878714,0.022203150165506422
4125,0.014398433555901272,0.022085938719945714
4126,0.014947795917466691,0.02204820776245933
4127,0.015910656747472104,0.02197409666501411
4128,0.01718682815568067,0.021875703904491825
4129,0.017352174519702092,0.021308377578806527
4130,0.01808203444578062,0.02154151828789573
4131,0.018997320531514532,0.022471611656687537
4132,0.019759052616233536,0.023250437723474446
4133,0.019202325265172373,0.02284077728551798
4134,0.01832485259630065,0.0223007995665976
4135,0.017075139501900878,0.022655621593729313
4136,0.016055410507219033,0.02207690673655851
4137,0.016024973414929297,0.021668551429207542
4138,0.0165298387905567,0.021771342558314713
4139,0.016434614869712576,0.021402979095718325
4140,0.016504000125800326,0.02142257734958125
4141,0.01734794917354127,0.02179818886617399
4142,0.018121135683808676,0.02195046884480555
4143,0.017831476351125964,0.02236707543590384
4144,0.01774711235648274,0.022009802685732348
4145,0.01702574403886837,0.02166004270635253
4146,0.016824819107425625,0.022061929258898903
4147,0.01642948989891486,0.02252796572920723
4148,0.015673257171712508,0.02233085500616936
4149,0.015253562350165707,0.02246216038527675
4150,0.015376459370304421,0.022690774776780644
4151,0.015725985450705592,0.022924548883020087
4152,0.015829546988183278,0.02250892054678173
4153,0.016635947240611893,0.022897221531792147
4154,0.01644791331177796,0.022356395052287772
4155,0.016443228815652144,0.02180597780044854
4156,0.0161569710189962,0.02126721341766715
4157,0.016107362654744755,0.02171690249489772
4158,0.016092996139182643,0.021903803667277136
4159,0.016800434118938827,0.022685616912381995
4160,0.015829324518057342,0.02208365474604664
4161,0.015931207758379272,0.022277231926716646
4162,0.015588952134968448,0.021985895888553583
4163,0.014874686133141867,0.02145603157118104
4164,0.014872527574860276,0.020991090687717203
4165,0.015539246343517218,0.020527837312312096
4166,0.016739982770397017,0.019940606440427732
4167,0.017580303915672838,0.02008663240710121
4168,0.01777578680425792,0.019819402814928874
4169,0.01923532349857425,0.02019406762509001
4170,0.019340127042078516,0.019528746752675772
4171,0.018492544097055124,0.018826753661048433
4172,0.018829470152267852,0.01941470971275555
4173,0.01716478448005874,0.018361596357230336
4174,0.01714555405602292,0.01969458148094774
4175,0.018847827112785154,0.021788205890942804
4176,0.019932328576846528,0.02290337682222468
4177,0.01919112749200345,0.023418048318706607
4178,0.017923041731666565,0.022775286566515642
4179,0.017556854033241937,0.021939113041191647
4180,0.017569815624698625,0.022308227508914417
4181,0.018005339013945104,0.02239364382378343
4182,0.017077093275367154,0.021383852787004606
4183,0.018030834592525847,0.02167342677692136
4184,0.018397775534105903,0.021934150042655153
4185,0.01766160496248766,0.021494551610160423
4186,0.017201314758426886,0.02116272285410912
4187,0.01830579602289031,0.02198491357387492
4188,0.018755089657246173,0.022668214212911188
4189,0.01842430654432794,0.022634592367271316
4190,0.01843946497993419,0.022292442828521254
4191,0.017904514712256243,0.022372536361792688
4192,0.01813010565552343,0.022034516916863048
4193,0.018430793926195208,0.022296780501127524
4194,0.017348042579464772,0.021713725447215455
4195,0.017604441198790764,0.02186277139676722
4196,0.018774936241533556,0.022424797048221038
4197,0.019565611734120202,0.02358952840986098
4198,0.01853534557928288,0.022792862676935057
4199,0.018748557073544603,0.02302839382974799
4200,0.01904444592633506,0.023674613893740648
4201,0.019471653439217685,0.023668466230136694
4202,0.019344053962515855,0.023424061118160602
4203,0.018771989876052313,0.023131998763003554
4204,0.019305227174495482,0.023096539917144724
4205,0.018818614511907743,0.02309470939483149
4206,0.019120960807266375,0.023065069500183916
4207,0.01867822588726496,0.022908400143433125
4208,0.01930561568942002,0.022951731948637765
4209,0.018955360639530846,0.022300770018091515
4210,0.019682147819728258,0.02248393354779116
4211,0.019014358367664633,0.022303875628489362
4212,0.019234727202391583,0.02199268270400735
4213,0.01948868149387859,0.021949732650605444
4214,0.019437726578998296,0.02224057655437002
4215,0.01949554650571875,0.022359081086055586
4216,0.019637714078560273,0.022502098120975977
4217,0.020146538691996264,0.022306817962172217
4218,0.020145802572242355,0.022287221187667388
4219,0.020040554200072096,0.02228817246727975
4220,0.01979740664744759,0.022070272677447076
4221,0.019968521696811844,0.022173016530158643
4222,0.01993041624736051,0.022379366712380073
4223,0.02004420831518273,0.021843842994701643
4224,0.0192414937885635,0.02118261468119975
4225,0.019462638811523693,0.021778882208002594
4226,0.019022459988243316,0.021336336456170196
4227,0.01901869804519851,0.02189776933256035
4228,0.018962265012914696,0.02139517051410977
4229,0.018959871279462553,0.021145537189862465
4230,0.018495140169549326,0.021144970151537372
4231,0.018710210190493154,0.02190785535958582
4232,0.019615978708743334,0.021736141645440767
4233,0.019417802393694346,0.021436239353914793
4234,0.018951739882919788,0.02161098463463695
4235,0.01829982266655546,0.021174520772484474
4236,0.018340286613611173,0.02107080060221775
4237,0.018132249471924496,0.02061190983969137
4238,0.018544571569390052,0.02060256491306842
4239,0.018014884435207795,0.02056875266016265
4240,0.018599308981401406,0.02112290188593472
4241,0.01851565703236636,0.02081328797691268
4242,0.017860919893254404,0.021208752969073284
4243,0.018324316269448387,0.02118426140473366
4244,0.01848572773529485,0.021528083009604987
4245,0.018113460288760947,0.020905547780179525
4246,0.018059598523588506,0.020718655247822848
4247,0.01727063942433305,0.020374088075971696
4248,0.017634953382414373,0.02070778970879171
4249,0.01783048740547478,0.02050613911501911
4250,0.017842242212377964,0.021385117895796734
4251,0.01752330279484952,0.02067365764299147
4252,0.017139283948426953,0.02109574052256648
4253,0.016795970198609393,0.02100839067769061
4254,0.016953865026782474,0.021144912614775174
4255,0.016959265441152307,0.021076561701230102
4256,0.017280408079976266,0.021436104892093848
4257,0.01738940781927192,0.02133382778224224
4258,0.017347673025029507,0.021493289314893298
4259,0.0167604753471785,0.021330018621911098
4260,0.01694232542309611,0.02162467657836655
4261,0.01676665645506259,0.021125828702543294
4262,0.017234285071628462,0.021310254741107502
4263,0.017534315278760617,0.021554208685456367
4264,0.017327812941395668,0.021080892114289165
4265,0.017612270828250606,0.020563611898303774
4266,0.019155713272038542,0.021726775209530192
4267,0.019467982456872205,0.022455454426108502
4268,0.020503274073470978,0.02291595745636978
4269,0.021721014137142173,0.023563413257485795
4270,0.021362869063965752,0.023064160173211057
4271,0.020444410769151593,0.022646571808923634
4272,0.02100834241074818,0.022668364693207817
4273,0.020682410416217614,0.02268139802839507
4274,0.020437234812839645,0.022351775580961332
4275,0.01896236176768732,0.021798022473039688
4276,0.01801681317202724,0.021103564238486038
4277,0.017106755174819566,0.020902509424224357
4278,0.017895167641766612,0.021434504654616993
4279,0.0187555385225763,0.022236902490624367
4280,0.019341844593866165,0.022170417341387416
4281,0.019999183604212205,0.02246290366399916
4282,0.02060838815625249,0.021906703195139963
4283,0.019620768567390773,0.021394761214682822
4284,0.019007453611302544,0.020604936397178
4285,0.018687820886207917,0.020423198793705584
4286,0.019691817741551987,0.021257498037103383
4287,0.020851362461874485,0.02254867109932192
4288,0.02154670639302132,0.02330459426042412
4289,0.020563933511438665,0.02256420034834354
4290,0.019134359689084942,0.021442125596289108
4291,0.01747218516085185,0.01945213554377585
4292,0.016608935795489697,0.018867766569252226
4293,0.0169219495517002,0.019792351156323898
4294,0.017516500246238423,0.020569524538391108
4295,0.016904399286714025,0.02019759058127546
4296,0.016632453320183045,0.019360557672763404
4297,0.016751544903070337,0.019300459601679962
4298,0.01735982281749611,0.020149308890512196
4299,0.01816063805286392,0.02117869892830705
4300,0.018760145279847498,0.02173311945860256
4301,0.01886788240575674,0.021402152341057717
4302,0.018445304314061044,0.021822112569887107
4303,0.017280349448260648,0.020934089674636325
4304,0.01817709332370139,0.02065469444236261
4305,0.019560604208123486,0.021273567419944704
4306,0.019344177442415893,0.021315184216816073
4307,0.019549369152488096,0.020489841260027668
4308,0.01924673008439531,0.019749266674205828
4309,0.01818492899836287,0.018820317607582578
4310,0.015756741185156815,0.017169151200332865
4311,0.0153409305572637,0.01703057668025179
4312,0.014489495965738643,0.016535639891557166
4313,0.014640263584898503,0.017233968659869776
4314,0.014617211178996906,0.01750370457082365
4315,0.015319641686115878,0.017886917907704716
4316,0.016314654151809483,0.018310755639191035
4317,0.016221123729026198,0.018695987430190318
4318,0.015741982535641238,0.01846272542571143
4319,0.015309780522252297,0.018133590148495606
4320,0.016006495024406195,0.018186929244917625
4321,0.016447291164697186,0.018623263166486173
4322,0.016460776454295847,0.01838180219954067
4323,0.016040715739298723,0.01873679862398882
4324,0.015949928476545056,0.01878787998530507
4325,0.014870924967522353,0.01826303511148821
4326,0.014929827775482716,0.018395306004573446
4327,0.014502041053146186,0.018382237996815837
4328,0.014015506231391455,0.018085385868214836
4329,0.013973336388438569,0.017831663797105372
4330,0.01427361708734886,0.018323511567282354
4331,0.014568404524750157,0.018047150463862845
4332,0.014934241616273575,0.018109890853629775
4333,0.015233971088101537,0.017878017799145798
4334,0.015233967094773353,0.01818672459090807
4335,0.015267825878023104,0.018929157866431904
4336,0.0153720793902561,0.019348822653358088
4337,0.015264040605502176,0.019621314475089694
4338,0.014986831833900203,0.019823583308369235
4339,0.01428914697259752,0.018939576348899322
4340,0.014887882890847933,0.019231855499227273
4341,0.014852845202824235,0.01932098346489543
4342,0.01547288161127014,0.019787158505620656
4343,0.015077351257975302,0.019194138972783593
4344,0.015419729809265016,0.019640362071024677
4345,0.015059596163321521,0.019859430994458794
4346,0.015557284302505804,0.01987406530108755
4347,0.015558497483220888,0.019937092097753135
4348,0.016638625230063424,0.020744887700205168
4349,0.01685571565883638,0.020705775120437822
4350,0.015927006447355726,0.020277586689765256
4351,0.01566672647197521,0.01990726974402376
4352,0.015650230623098553,0.02015503471741291
4353,0.015458527215433043,0.019869396785086632
4354,0.015540054300191224,0.019748572835352463
4355,0.01605849244314611,0.02020059712258703
4356,0.015852343051360598,0.020162947165339857
4357,0.015460551323990813,0.0195756638271318
4358,0.015410318948335413,0.019551578698755158
4359,0.015049050957890064,0.019370368961821025
4360,0.01509076751892483,0.019452161589320144
4361,0.01494286396102804,0.019941806533843854
4362,0.014535908270461249,0.01930853945807227
4363,0.01477201982764891,0.018954769914116036
4364,0.014808198404289125,0.018127699758535693
4365,0.016015504061314145,0.019370705792806715
4366,0.01593930586653208,0.020055304458948923
4367,0.016174474028890728,0.02049550307308697
4368,0.016352900326560192,0.019942689592174906
4369,0.016931676895366312,0.020069251973401227
4370,0.017482870697784644,0.019963610405175216
4371,0.016974526722400025,0.020198394455746706
4372,0.016503084907645134,0.020502991329478047
4373,0.016081804986943195,0.020275981504863257
4374,0.016167420963507415,0.019584623279922872
4375,0.015013570575088323,0.018604415053003306
4376,0.014204272173354373,0.017356408620045494
4377,0.013901261604263644,0.01841341830684336
4378,0.01394767347609051,0.018551895616190035
4379,0.01538025032546481,0.019722554574624615
4380,0.01538024565908768,0.020274082378263697
4381,0.015136717549918393,0.019953644819976888
4382,0.014708893365505954,0.019599352672354443
4383,0.014808025734639038,0.019690194156214542
4384,0.014375988699687307,0.020111049390520157
4385,0.01446709853239411,0.020067648506104534
4386,0.014990148564584612,0.020424110390318776
4387,0.015504052891153254,0.020491037458104572
4388,0.014886434286245054,0.020239515607476118
4389,0.014470102824779419,0.020093377969070854
4390,0.014412053072907478,0.020090014526814495
4391,0.014774922607329084,0.020295473477659327
4392,0.014886998104656012,0.02046883105946495
4393,0.015198326683878256,0.02063882651717434
4394,0.01538694688585775,0.020648271013764274
4395,0.01499800039168874,0.020409284580422755
4396,0.014553868467113786,0.020058902238073308
4397,0.014792094131582367,0.020159797787658557
4398,0.014542893652382611,0.02012860414279322
4399,0.01452020349304272,0.020126624713153404
4400,0.014478464982774181,0.019435979715966358
4401,0.01400871161717934,0.020170540885699643
4402,0.01391413949406778,0.020228780748377674
4403,0.014137274368770809,0.020547897159556777
4404,0.013443214221367522,0.02121594021553594
4405,0.01297654626424671,0.021609830805699882
4406,0.012844110330733866,0.021479307460861814
4407,0.013367599161216711,0.021375493419503615
4408,0.013579206062937723,0.022071469641359125
4409,0.0136890516424727,0.021767887455102032
4410,0.013679176666250908,0.021549048195924635
4411,0.013905717768863396,0.02171602326159448
4412,0.013427534012962882,0.02100796773557388
4413,0.014245346192574773,0.021085940639763955
4414,0.015127092144793802,0.021944255834664864
4415,0.014854175573077135,0.02169013726091689
4416,0.014989762577070116,0.02247126266202208
4417,0.015111081348429322,0.021816503882706798
4418,0.014674207460457141,0.020907892649709006
4419,0.014054662389413212,0.020752384073001368
4420,0.014498844392909426,0.021106448277903443
4421,0.015157513157855072,0.021323810149780662
4422,0.014701866552109437,0.021192832072912306
4423,0.014974317159777534,0.02185428448744319
4424,0.014828154386466865,0.021121456849245837
4425,0.015277441127037985,0.021659908384095292
4426,0.016035732084540916,0.021654940026310895
4427,0.0160180841353316,0.021841836388226628
4428,0.015874746679904395,0.022645731749220605
4429,0.015916092203247346,0.022326667826065533
4430,0.015770426205283194,0.021644603771827198
4431,0.0161079522467569,0.021879790005714533
4432,0.01559904875291973,0.021667253376435887
4433,0.015016710897566283,0.021896401481830058
4434,0.01508638467724726,0.021427453130255077
4435,0.015169261850659217,0.021464871542269063
4436,0.015667565173954207,0.021587689781022847
4437,0.015283615783670032,0.021051876430888083
4438,0.015138724832035756,0.02126831425585712
4439,0.016516105309366164,0.022123567497759393
4440,0.015454848296588587,0.022083606666026025
4441,0.015626903185786183,0.022032598320486877
4442,0.014854603768683621,0.021419790401874163
4443,0.014568125399717791,0.0215995213406452
4444,0.014536779918653528,0.021763256260139717
4445,0.014914633636990714,0.021449092773843857
4446,0.014806010119519618,0.02202406874327533
4447,0.015831234221785836,0.02193166345828716
4448,0.014870300102650528,0.02090201575126419
4449,0.014822190097361607,0.020381131634434183
4450,0.016052518814383673,0.02095370994697762
4451,0.015544346387679901,0.020277248274802054
4452,0.015068762796694989,0.019675604846613032
4453,0.01520924450381784,0.020096592197961394
4454,0.016147325839161997,0.021138862006996585
4455,0.015645021743051046,0.02042697532501305
4456,0.015577407643861974,0.019402373693675798
4457,0.016260838779493362,0.020180996281241422
4458,0.015704672375584115,0.019162017502133092
4459,0.017408967947403677,0.019926410341823905
4460,0.017839218060163996,0.020488949440841002
4461,0.017047533445345125,0.021004371249777647
4462,0.016907411557680472,0.02117541411031302
4463,0.017004599072207617,0.02124397923458391
4464,0.017612194405143094,0.021649954259362572
4465,0.01724264174772295,0.021044670194284402
4466,0.016925577316335032,0.020474811295040276
4467,0.017247251576414897,0.020990051744612534
4468,0.016732275924371914,0.020109354527139356
4469,0.01734939440266959,0.02025845262437558
4470,0.019478668217157227,0.022505503604935174
4471,0.020217979715097464,0.022597558023649544
4472,0.019683129826371434,0.021365430050560914
4473,0.019733929909135608,0.021512518786744938
4474,0.019914158542793724,0.022783068356984924
4475,0.020147163496687832,0.02302379609622866
4476,0.019259709955658157,0.022981691950818162
4477,0.019468311985671827,0.022614574326761668
4478,0.018852733375012323,0.021503809764381137
4479,0.019068554298692867,0.021547805914711657
4480,0.01829036672701558,0.021875082739993588
4481,0.017689929227040116,0.021327645092212556
4482,0.01743502948808399,0.02160354641347435
4483,0.016815601793816245,0.021930203668999736
4484,0.01685359223613978,0.022014710032489327
4485,0.01663210471799313,0.022205209208187644
4486,0.01655119146371609,0.021730199869616475
4487,0.01840673397022762,0.023309972697679406
4488,0.01953039157662502,0.025177319042176873
4489,0.020915335709913344,0.025329866481334992
4490,0.02033508838210552,0.024581096629603706
4491,0.02137337532948802,0.02609274767984914
4492,0.021395809498284506,0.02651208728572898
4493,0.021736741141055376,0.02600270193281491
4494,0.021448388463632825,0.02493429255154646
4495,0.021282421509884963,0.024524639757010077
4496,0.02233287572120914,0.024820443121010605
4497,0.023434387254140165,0.025035963527015925
4498,0.022867191754169947,0.023887439508353828
4499,0.021136682937711662,0.02265637775154639
4500,0.020971840439895653,0.022128882475514016
4501,0.02084789630895166,0.023686578997837632
4502,0.022142537277607725,0.024990683231666498
4503,0.02155620903986095,0.023855193776354228
4504,0.019923667868491493,0.022835118829514462
4505,0.01956520099908152,0.022680292581439995
4506,0.019667543233405863,0.02336672128481064
4507,0.019660781367512266,0.023789586502436504
4508,0.019734035844881197,0.024893693858797833
4509,0.019063318785582123,0.024605689785547082
4510,0.019808927266338126,0.025378719162733307
4511,0.019619510291603172,0.025443398369933895
4512,0.019731934756378508,0.02551540728573292
4513,0.019429877662857635,0.025157370810497945
4514,0.019390250980160856,0.025146243987152834
4515,0.01971870629423721,0.02483238987106146
4516,0.01956259923427129,0.024962030847944565
4517,0.020333407257011857,0.02533261673655437
4518,0.02034304057223997,0.025618056247122892
4519,0.020970824567052886,0.025796839404619475
4520,0.020022763167721846,0.025573602132456137
4521,0.019545818982648823,0.025226397361541832
4522,0.019445284186794674,0.02551735098788756
4523,0.019681132108867575,0.025372301786153295
4524,0.01949709886920819,0.025816720220746308
4525,0.018898866431989177,0.02564203496764472
4526,0.019713904160602935,0.02525076302087619
4527,0.020073823012199277,0.025178832017515786
4528,0.019886289988647932,0.024965128426832996
4529,0.019564220745453182,0.024768308221216312
4530,0.020373263908843666,0.02412028632718969
4531,0.02104900041032782,0.024368094665237545
4532,0.02170692645594857,0.0248669368564352
4533,0.0219467071550801,0.02531527777270459
4534,0.022766427405270722,0.026072287163111545
4535,0.02199274731949264,0.02527468961212944
4536,0.02113962322739225,0.024455990778388618
4537,0.02125696534861371,0.023938466634700735
4538,0.020208339774166934,0.023521570740542078
4539,0.01871736378581943,0.021967189115934385
4540,0.019235134896940946,0.0216044777199113
4541,0.020933504469751434,0.022668143756815723
4542,0.020466785974403386,0.022803252213728607
4543,0.01948633648390937,0.02334394986376476
4544,0.017879946621947373,0.02328531377290923
4545,0.017664163718428955,0.022965292650764958
4546,0.018788452758453734,0.024969752872150665
4547,0.019040165840768248,0.025264096901502685
4548,0.018403674125084545,0.024715927124852866
4549,0.018923443996003767,0.02449954506934159
4550,0.0193802325975622,0.024590133914603178
4551,0.01959182664113482,0.024557235703151877
4552,0.02021907369448796,0.025299911205511814
4553,0.02093574683662271,0.025529544816019423
4554,0.019887332297036108,0.025753624349217342
4555,0.01973521493153465,0.025901162321747096
4556,0.020678958678048028,0.025878928964377736
4557,0.0217834565616904,0.025926171905026347
4558,0.021997965615803975,0.026107029169041413
4559,0.02278687632473829,0.02594274539414104
4560,0.022353844602404922,0.025973360091682867
4561,0.022815994717629597,0.025609225714766065
4562,0.021506129091403235,0.02507872081982989
4563,0.022056679627322842,0.02538704757747459
4564,0.022605940565175252,0.02623467167244941
4565,0.0219647851922538,0.025584305010290388
4566,0.021842826366838326,0.02538752002209808
4567,0.021456641626951493,0.024574037680743368
4568,0.02059264067784805,0.023888465232830426
4569,0.02024495937886923,0.023316069651681575
4570,0.019656472944843816,0.023264795863129913
4571,0.021224819369862556,0.023814325340756816
4572,0.021615156819511063,0.023586648180439415
4573,0.02210475050138541,0.02437392146582702
4574,0.023379476933466307,0.024242146800965307
4575,0.024041232102983076,0.02470932931270334
4576,0.02529187548802806,0.02533064009366161
4577,0.02500853674034628,0.025374709740947493
4578,0.025430096130088464,0.02555334892090832
4579,0.025211411174066185,0.02604288924911691
4580,0.02472894992003183,0.026043502238444458
4581,0.023617867995385247,0.02517945701570718
4582,0.023105010241903857,0.024710181301818835
4583,0.023878017283375432,0.0252112535028575
4584,0.022336899629308047,0.024243519363484227
4585,0.021455462245066826,0.022955798175143937
4586,0.0217312638982525,0.022538779822580457
4587,0.022184524881945545,0.023588692419084106
4588,0.023539277954058867,0.024495958269448635
4589,0.023630070747998756,0.024198559049126902
4590,0.023740221187823613,0.023874180271936375
4591,0.023618267729891677,0.02393341616604118
4592,0.023782886932333793,0.023875333191111923
4593,0.02348158282000793,0.023498969994763592
4594,0.022256947046887247,0.02393391765655948
4595,0.021110668770479252,0.024322367455079
4596,0.019185687526733348,0.023705340886383847
4597,0.018989262616668272,0.024648581073810922
4598,0.018297338490180053,0.024617708587116285
4599,0.0190206571664183,0.024584437439645983
4600,0.019878180446839443,0.02504746974374481
4601,0.020602277787643727,0.024416184308506568
4602,0.021903168445176337,0.02460110421738732
4603,0.02205515312917363,0.024215481829320595
4604,0.022100275337774925,0.02406020153126486
4605,0.021977266346024104,0.023798637779863237
4606,0.021480238858254324,0.02378549283999887
4607,0.020496567129959887,0.02343264782315098
4608,0.020216854938216632,0.024108382851347605
4609,0.0191780166674633,0.023683480882115908
4610,0.019935256385481482,0.02390921560504537
4611,0.02047171332627565,0.023814008115781667
4612,0.020743611242680888,0.02359712154734178
4613,0.02164611568949241,0.023502719330816373
4614,0.021531174115526585,0.02338305338603112
4615,0.02174109289793108,0.023186231937584366
4616,0.02069171538348315,0.022707033187809148
4617,0.020323156906989378,0.02303739734765286
4618,0.020081207920520504,0.023028306596487323
4619,0.019661569094074318,0.022772165254784944
4620,0.02046154176490898,0.023505470048358984
4621,0.021129236444479973,0.024176604487281365
4622,0.02114623079157502,0.024050996595260832
4623,0.021753782109613,0.024288493538556572
4624,0.022534754754197,0.02489606364037961
4625,0.022336981688617096,0.025010349265774973
4626,0.022115271275586403,0.025215413305235863
4627,0.02210651863330826,0.025286106713407985
4628,0.022140179288369158,0.024610494589783875
4629,0.021924531908156488,0.02434947082578311
4630,0.02149712097619492,0.02410419657559732
4631,0.021686452524355804,0.024096596456292425
4632,0.021076214921297638,0.023583452219274867
4633,0.020432454564155097,0.02317345213922318
4634,0.02014448647688585,0.02339277471827334
4635,0.0201331997935423,0.023299970989530103
4636,0.01916647327955339,0.02247165662032381
4637,0.01909866888675265,0.022179747283481304
4638,0.01909364067919876,0.02312045783777222
4639,0.01970363203269396,0.02400694565678563
4640,0.01972247323993282,0.023851277185987594
4641,0.020810916965910937,0.024443229056259116
4642,0.020882603306193615,0.024381535545089993
4643,0.021078230145308567,0.02445021562751434
4644,0.02113451585934553,0.024230291500413188
4645,0.02062655686623814,0.023928033460453666
4646,0.020185635213483884,0.023734231632503846
4647,0.0199037980372076,0.02343261511335478
4648,0.020347150297037448,0.024058396790703228
4649,0.019974266094318207,0.023723560836319636
4650,0.019423673819774032,0.023669489418263787
4651,0.018969139727518042,0.02286994417141284
4652,0.019188171386228945,0.023073848577145555
4653,0.01945406359085878,0.023103870850364343
4654,0.019569441061764146,0.023522896158801387
4655,0.01997612342679244,0.02353344051180107
4656,0.02030100733279167,0.023449970859191652
4657,0.02051309060861372,0.02377642997975555
4658,0.02080690241020745,0.02433912474153082
4659,0.020818761099854453,0.02495645203497413
4660,0.020770902043453953,0.02499455630338062
4661,0.02042285894970574,0.024996520042237503
4662,0.01948774060267345,0.024307832494407336
4663,0.019479557176166815,0.024170678729066464
4664,0.019172320547061188,0.023753336467302138
4665,0.019773084937057504,0.024609316907700667
4666,0.01990130380927937,0.02522488191334945
4667,0.019919707217229295,0.024549984775617758
4668,0.01966608721502696,0.02536507341286285
4669,0.019467440851183748,0.024652950725829792
4670,0.019102197435618085,0.024634252861408298
4671,0.01953549506638779,0.024275175135990847
4672,0.019027085969378466,0.024048712798808075
4673,0.01942273964378783,0.02440834174925625
4674,0.020544921966179,0.0250865231708051
4675,0.020490613731410406,0.0248583802951695
4676,0.02012959086486153,0.024388545709412283
4677,0.019793580238365464,0.02419922351609975
4678,0.02011012649215192,0.024140703090753647
4679,0.019344912930877325,0.024463073124818005
4680,0.018422739143458895,0.024633812178488864
4681,0.017678116710971345,0.024266042562159085
4682,0.016620325274682077,0.02400319904810309
4683,0.01745824799975479,0.02406701656578549
4684,0.017160953710037462,0.0235173917776412
4685,0.01642526946851241,0.023013132403967573
4686,0.01664847908119798,0.02306112253477321
4687,0.017369514405624953,0.023529172917823568
4688,0.017868725728099673,0.02322788036986204
4689,0.01856518391616975,0.023458879432971792
4690,0.019759092373953513,0.022997345287905122
4691,0.019887777866526075,0.022504380261562408
4692,0.021088630441621847,0.02213120090758288
4693,0.020287177820909927,0.022028287233910548
4694,0.02036817793336658,0.02180432190599163
4695,0.020016058624826766,0.021523751095109758
4696,0.019383893490126473,0.020798292317710368
4697,0.01869315053606367,0.02117748557700814
4698,0.018852781749825593,0.022425680000529156
4699,0.017906963855556058,0.022541353857625363
4700,0.017324737090608614,0.022712277820645752
4701,0.017159261947960597,0.022193742794751177
4702,0.017133477044785357,0.022351782184126
4703,0.016680970736114423,0.023189779516892422
4704,0.01658875162561027,0.023920210104462918
4705,0.016800728856703608,0.024170257247468727
4706,0.01560873320637569,0.024131638754372468
4707,0.014971323425274224,0.024274025310474772
4708,0.014785367165234596,0.024631812663466344
4709,0.014852933408867014,0.025095837500190017
4710,0.015063544839366304,0.02414135393666052
4711,0.014998357420814812,0.024375204731002985
4712,0.014861674664216453,0.023984528705549416
4713,0.015059811975443272,0.023965247471979575
4714,0.015300521405103074,0.023656619727954426
4715,0.01610600454758351,0.02390374061520156
4716,0.01601952633279157,0.023751890359665722
4717,0.016562591251495853,0.024599513738051196
4718,0.016101011210792802,0.024689408030700428
4719,0.016265131220622772,0.02450804180144987
4720,0.016804093123771156,0.024936761798738633
4721,0.01720057541458193,0.02451140971003263
4722,0.01721723877306409,0.02393590695838516
4723,0.017016621536238292,0.02378061087399393
4724,0.017951317599106353,0.024107409014030766
4725,0.017878459846721557,0.023562550998301332
4726,0.01743538687969178,0.0245469432143415
4727,0.017767807377275183,0.024761616930399997
4728,0.01830910516140467,0.025306670439595766
4729,0.01761190046208057,0.024738107713494824
4730,0.016644502138907964,0.023783077256243047
4731,0.01600112697131797,0.023284212461651976
4732,0.01562421037069104,0.022761427344923715
4733,0.014607797812296004,0.020829048791079195
4734,0.013962972498837288,0.01976484698338748
4735,0.014040159384763905,0.020035321325387805
4736,0.014925383608713183,0.021443118985248383
4737,0.016080162597163876,0.02287233801476746
4738,0.016442221528112276,0.022990028306927292
4739,0.01710909597941749,0.02345505685394107
4740,0.016797369696237612,0.02399730420731965
4741,0.017088593999173497,0.02415847301395469
4742,0.016808211240835837,0.023886797646954436
4743,0.01656253270513335,0.02388601136904456
4744,0.015696060432114196,0.022999571320535747
4745,0.016445755348890163,0.023138774002629675
4746,0.017021753685927767,0.023438506548663463
4747,0.01698301757209996,0.023037373575137264
4748,0.01727896708952915,0.02350089040341286
4749,0.017015417085586352,0.023623187001657955
4750,0.017691127238044786,0.02371071271958505
4751,0.018218906501300893,0.024269889856301546
4752,0.018431509597290185,0.024410430289494175
4753,0.018611250781138986,0.025145221152086335
4754,0.018586333157476733,0.024807274749341624
4755,0.01756126399582372,0.0243609146399974
4756,0.01738780515082341,0.02374194966682416
4757,0.01762936978184127,0.024156524416614762
4758,0.018421594325984295,0.025254489878244444
4759,0.01805671812482008,0.024616488454263178
4760,0.0181328844047855,0.024324210334038376
4761,0.01785378930633176,0.02388143948946197
4762,0.018468528197316977,0.023233430087747538
4763,0.01974629140551858,0.024186896229064836
4764,0.019653825671380378,0.02397565315710894
4765,0.019963553254742472,0.023379306123869806
4766,0.01961256879289574,0.023428493274892492
4767,0.019662980695269734,0.02411191156201432
4768,0.019327772228727932,0.024662040367946274
4769,0.018814575816399753,0.024747950277707424
4770,0.018870445429469803,0.024960345751513183
4771,0.018359895227509904,0.024150233664448757
4772,0.01804849837938657,0.02451239173004301
4773,0.019255135716322754,0.02444877901203753
4774,0.01902961454251388,0.02429845317125775
4775,0.018902664882751177,0.024086165225176318
4776,0.01948961145441792,0.024107466608442842
4777,0.019645363478354928,0.024665799743374215
4778,0.01952284351460018,0.024088695237988702
4779,0.019475904361549293,0.02310259845271808
4780,0.019680910001394474,0.023085496678330594
4781,0.019914603668663298,0.02312556812564322
4782,0.019766165682724473,0.022959337913107204
4783,0.020021572476447987,0.022439760537167185
4784,0.02004889059696221,0.022890024273988143
4785,0.01973461968808097,0.023387279548379707
4786,0.019206204555371774,0.023512258944230154
4787,0.019926965339721697,0.02448149574384971
4788,0.020227941169252864,0.02464649784004546
4789,0.01968710160648377,0.024020186234874
4790,0.02016003124091196,0.024475068547885493
4791,0.02050548740846529,0.024399122130770032
4792,0.019997946524400477,0.024277115072271607
4793,0.019960200515285877,0.02426951395572565
4794,0.020004904220058746,0.024152536571495156
4795,0.019649569593508064,0.024302585777459685
4796,0.019986788740111113,0.024224097976680736
4797,0.019015852469589353,0.023560777100099718
4798,0.01912149044600299,0.0235132845331576
4799,0.01930918059037989,0.023433602160186258
4800,0.018336870050881547,0.022750230477914888
4801,0.019301271831483488,0.022835534231133995
4802,0.019773821416385173,0.022903181898809338
4803,0.019805662754310102,0.022010766740201276
4804,0.020403440518668516,0.02194163025647837
4805,0.020169670160560434,0.022087868623593583
4806,0.019807380560401485,0.0221731312716728
4807,0.01948953895972479,0.022312865431247792
4808,0.019729590603500807,0.02239654465904231
4809,0.019422429912006586,0.021470064722385395
4810,0.02005909203173273,0.020766684256008184
4811,0.019569117808239538,0.021024132409493048
4812,0.019519105647208906,0.021131239605055148
4813,0.019249117598480102,0.02277061324026247
4814,0.019372509405328576,0.022872716007043135
4815,0.019399777113932388,0.02260689361237079
4816,0.019789950872980914,0.02360954478778349
4817,0.0193744392067117,0.023159210148764056
4818,0.019165013069757902,0.02336401676766727
4819,0.018983167502248717,0.02292100759750651
4820,0.018790868151157054,0.022877901087827474
4821,0.019170124104571352,0.022774933274454064
4822,0.01872691734175704,0.022522928044623684
4823,0.018917118652369818,0.02287851072851691
4824,0.019381389921903327,0.02268980204804533
4825,0.018630335925081322,0.021491807519985317
4826,0.020193041595066512,0.021661417687113986
4827,0.02179072788215889,0.022059358102151403
4828,0.02179196310629981,0.022496813500948266
4829,0.02100739751032518,0.02263019477394258
4830,0.020670636197291693,0.022447755305869795
4831,0.019911225108693614,0.022483042748254155
4832,0.018403059704086955,0.021893870002907018
4833,0.019156125273748693,0.0227668767995342
4834,0.019013556510066146,0.02179664204076292
4835,0.01938724441087652,0.021755086898163387
4836,0.020643578777299647,0.021331038170426076
4837,0.021162786502376643,0.021735883868338423
4838,0.020075712816906274,0.02134030474848326
4839,0.02004295423076704,0.02189917367122561
4840,0.019925529770582383,0.0223292462563773
4841,0.019356695736667005,0.022102849188924908
4842,0.020649883278868648,0.023111910147264644
4843,0.021537490765493307,0.02425877304746653
4844,0.022151159159029675,0.025389469514000815
4845,0.022154489457269732,0.02496192994319276
4846,0.023339467343022717,0.025662203126088412
4847,0.023440267016016536,0.025706705679306472
4848,0.02289183914538998,0.025621854019742932
4849,0.02375219905158842,0.02606499321490929
4850,0.023342160206601816,0.026070034314212925
4851,0.023195368526996066,0.0256362204122369
4852,0.023164507300281405,0.025919328394580752
4853,0.02303009000110894,0.026182869200860846
4854,0.02340847671443613,0.026591695902892763
4855,0.023102307190995302,0.026280143973782664
4856,0.022301648969189774,0.026155642183311595
4857,0.022096464568891576,0.0261555029660374
4858,0.021556333924136573,0.026120275379540148
4859,0.02090458113404405,0.026335402102979615
4860,0.01923788002364305,0.026122531779209382
4861,0.017781397663113305,0.02635274734367377
4862,0.01749143582998698,0.02591456476729209
4863,0.01708666181028496,0.02570568981347262
4864,0.016899922261414783,0.02530996451040868
4865,0.01647991190432036,0.024830614667084833
4866,0.01691391863232051,0.02419581586310412
4867,0.01677097395530076,0.023969729850127824
4868,0.01764112236621905,0.023099223429065383
4869,0.018530308016537746,0.023330939544281403
4870,0.018223108079586405,0.022502089571043733
4871,0.017415345448475426,0.021418068700385345
4872,0.016990089321737723,0.02088666079167451
4873,0.016764467878598848,0.020830789229907203
4874,0.017456751527016034,0.021397151056702753
4875,0.018822064645272894,0.02269734546703653
4876,0.01805188973889368,0.022215437365236908
4877,0.017892980347866953,0.021280295100205158
4878,0.01815225294898322,0.02062005203524585
4879,0.018940079422499617,0.021287114335074856
4880,0.020802442345871208,0.02152483076261723
4881,0.020477443470865043,0.021226671271511812
4882,0.019328057508950374,0.020620248576451575
4883,0.01898007814745858,0.01977868771518556
4884,0.01799404743985913,0.01927685250585224
4885,0.017626482934035417,0.019564034374853097
4886,0.01794856605233466,0.020383493579550185
4887,0.01718583944016569,0.020229540169581384
4888,0.016952851715083383,0.019746702549447083
4889,0.018083180952652052,0.02097230057648294
4890,0.018291576657944265,0.02126036303488233
4891,0.018884988508463242,0.022397189735206574
4892,0.01854339141622438,0.02232835248943164
4893,0.019179160422409126,0.023037538757989563
4894,0.018990821518063437,0.022715859936046773
4895,0.017787163149834265,0.02219063342328865
4896,0.01780279342733919,0.022338069519396934
4897,0.017505345967858497,0.022518773941897392
4898,0.017799751896724808,0.02332462523360179
4899,0.017971735071376234,0.023623665333843764
4900,0.017921788418294577,0.023665182542940845
4901,0.018175595695187327,0.024186736868916783
4902,0.019102785223692145,0.02444637442769465
4903,0.019297951450952856,0.024654229326932894
4904,0.019324740428353027,0.02427771543277528
4905,0.019378131762652132,0.023906531682202033
4906,0.01963444812055796,0.024368241401892417
4907,0.019132052956574,0.023988522065226652
4908,0.019042757867778384,0.024387617521938736
4909,0.018758804718302696,0.024970068383975804
4910,0.019155714885875166,0.02516843987888722
4911,0.018985949701374884,0.025397262654856607
4912,0.018900951107480687,0.025078730655073274
4913,0.018964597664722038,0.025753029164428787
4914,0.019134972394676587,0.02632232437592337
4915,0.018884866820408432,0.02612389731756853
4916,0.018688063135305216,0.025912377408615732
4917,0.018378882464702425,0.025417764737979735
4918,0.01836735588192736,0.02512933603410522
4919,0.018717989681816555,0.02519378600022199
4920,0.018665032138895282,0.024862383215445556
4921,0.017859994406535906,0.024059963716949555
4922,0.016775300766172365,0.024101401103941777
4923,0.01628253284138406,0.023478336127779106
4924,0.01661776933712364,0.02416251784873017
4925,0.016638231308582316,0.024415442827564828
4926,0.016240026772827456,0.02377396678264796
4927,0.016320536314167203,0.02319713682703158
4928,0.016820687468730958,0.024019161016058117
4929,0.016412305224717462,0.024394712526141654
4930,0.01703034669153336,0.024042059264348336
4931,0.017319433050546104,0.024049184322129397
4932,0.016676163530757668,0.023308825782056192
4933,0.01639653855062998,0.023516810293086086
4934,0.017229898519557505,0.023918047520346552
4935,0.01802553851782839,0.023911468007510126
4936,0.018737367021293548,0.02456770347494906
4937,0.020179490802241663,0.025056642548916028
4938,0.021943699465809107,0.025835103753379718
4939,0.021815255688883317,0.02582572555137665
4940,0.02209431026082871,0.02541895164556023
4941,0.02138366391101249,0.025302562111742106
4942,0.021227362017514528,0.02572872615979163
4943,0.02016014568735764,0.025125847012967047
4944,0.019409174649564393,0.024885388089968777
4945,0.01770121375096373,0.02485559130648766
4946,0.016580942677450014,0.025248198673411083
4947,0.01668522554640541,0.025028903510646815
4948,0.01650397647656356,0.024845506160036387
4949,0.017675406886790777,0.025218421963668934
4950,0.01903315810565056,0.025193624013981796
4951,0.019798927107437195,0.02443936245849486
4952,0.0208472915357687,0.02469941359186588
4953,0.020395918351700938,0.024728757212509722
4954,0.020673787252355233,0.024488172386302593
4955,0.020896479241838014,0.02480638199586424
4956,0.021222956162237898,0.024083684600457508
4957,0.021226176863181588,0.02444673901510392
4958,0.02133125525462683,0.024680850607334597
4959,0.02013038442905449,0.024447804159592742
4960,0.01919187261487112,0.024167611787723368
4961,0.017450999451677544,0.024179156515436902
4962,0.016844819925711737,0.024549791111126675
4963,0.017071720535804188,0.02427472339450599
4964,0.01739398942594711,0.0242837986454132
4965,0.01807744463042594,0.02421228512036889
4966,0.01752628100830147,0.02384491757510489
4967,0.018535974971885503,0.02429747455201855
4968,0.018973120713922282,0.025089989767056994
4969,0.018578467766148295,0.02415038795461335
4970,0.0187162834395327,0.02386339976003318
4971,0.018564884615129236,0.02401776825850888
4972,0.01920157768900813,0.023868884540758653
4973,0.01893279051472862,0.02418934400848359
4974,0.018313675407497856,0.024068034267718943
4975,0.01812088620214916,0.024737318150914213
4976,0.018434238409420167,0.025411579920347427
4977,0.018577997566142035,0.025223778934583146
4978,0.017885121942967198,0.024337945943622173
4979,0.01788752592001613,0.024236626184224997
4980,0.017970502230764723,0.024124925196288945
4981,0.018560405824782345,0.02387860906476149
4982,0.01738398428154924,0.022797043294863407
4983,0.017247539922506522,0.022919834446261604
4984,0.017231290444596228,0.02274539508865297
4985,0.01688189740538789,0.0217787667541328
4986,0.01660015468228919,0.02148199522638593
4987,0.01708874381304728,0.020988118934385097
4988,0.016808691697867736,0.020523374489889317
4989,0.017205819474110144,0.021438636658857486
4990,0.017500965901713506,0.022758443449182604
4991,0.017090279459514367,0.02293365226204904
4992,0.01683564220610825,0.022648644619313
4993,0.01660767999694611,0.02304630815402262
4994,0.0169052076579911,0.023500102786040016
4995,0.016822128143563115,0.024721249043651885
4996,0.01666023884484901,0.02475514373759367
4997,0.01688042103904596,0.024320061116841322
4998,0.01715673688188918,0.024212545102920997
4999,0.01673660992627809,0.023645390649394846
5000,0.016753721694296463,0.022648981922694416
5001,0.016945291461466408,0.02198072316289135
5002,0.017488714503561504,0.022501785109445876
5003,0.017422512310049546,0.02232949156504812
5004,0.01780728199348983,0.022260557231123898
5005,0.01909685137805005,0.022145134014536376
5006,0.021095659797526273,0.022724872681512347
5007,0.02319961251323455,0.023648030080145294
5008,0.024924727591386333,0.024898829491296477
5009,0.0240257582425263,0.024206201717723873
5010,0.023192779240220077,0.024379999130720535
5011,0.02398064590866244,0.025025190646308135
5012,0.022537218863052596,0.024320626228600237
5013,0.0227498158982164,0.024931018628130516
5014,0.022991802822591695,0.025351063080078454
5015,0.022982058059570477,0.025517829060723602
5016,0.023175910172609622,0.025443337622928268
5017,0.02347688720858047,0.02518627937114758
5018,0.024288673092173044,0.02520385105927496
5019,0.024572185077285723,0.025577841656879787
5020,0.025493866962885116,0.026107722355369425
5021,0.025801218643301673,0.0265412093150858
5022,0.025736054556694244,0.026680748050712813
5023,0.025217512206536095,0.026301635631630387
5024,0.02569617908623324,0.026765708510057915
5025,0.02558866200442641,0.02656720817714233
5026,0.025941544672592902,0.026443823256234046
5027,0.02692916833880845,0.026603037268141002
5028,0.027151530899285726,0.02608872737954267
5029,0.02702784791903528,0.02633694154422371
5030,0.025942917817746526,0.02510634533912408
5031,0.02670197954269712,0.025416500795591487
5032,0.026780605398849903,0.025786346087238857
5033,0.02681199821449606,0.02588453993782398
5034,0.027665179590595456,0.02590145498188058
5035,0.02733181685313117,0.02597115584539841
5036,0.027151207609502296,0.02600732862173921
5037,0.028545606590558454,0.026848604655775935
5038,0.029050391219270263,0.02724263063084757
5039,0.02778367255898293,0.026470698090548635
5040,0.028672454788809504,0.026669830961471262
5041,0.02886705394123762,0.02728704748619618
5042,0.02872181988101758,0.027199332790771403
5043,0.028970096413406563,0.02736157805962565
5044,0.028792089263175655,0.02771125482678413
5045,0.028779041589307032,0.027289239448573067
5046,0.027885434787148115,0.02724075378460759
5047,0.028107829751868995,0.026595841466014267
5048,0.028721608660761563,0.026851591710905776
5049,0.02857620157954123,0.027146533745254466
5050,0.029640389987799155,0.0274968206468495
5051,0.029724105230396876,0.028066477230891604
5052,0.030044531832193248,0.027967030072086833
5053,0.02935038186857445,0.027671107758621034
5054,0.02842033194803091,0.027697302345368106
5055,0.028549324762931948,0.027289557705990238
5056,0.028937141040119442,0.028149391508679004
5057,0.029012878667119553,0.02845891685126785
5058,0.0287661863196151,0.027922184101427053
5059,0.028679030021898505,0.028082367433781195
5060,0.028335504369424478,0.02815068724132833
5061,0.02886029556477778,0.027980744178175178
5062,0.028608756360956132,0.02812238028387876
5063,0.029033645143460216,0.02825666493565895
5064,0.028285607573465977,0.028022286673849605
5065,0.029043166213098652,0.02785095846689752
5066,0.029060337237872876,0.02823390573543197
5067,0.02825696216409485,0.02674872997840018
5068,0.026519254066319286,0.02528576513072622
5069,0.027674034979888126,0.02593705796725058
5070,0.027328481692797144,0.026215781717755172
5071,0.025384076552978984,0.02527561731574513
5072,0.023701586042327027,0.024878865934261262
5073,0.023147247829126857,0.024365115784707434
5074,0.023261013041298226,0.02484460457430786
5075,0.023308147393979257,0.024990313552214493
5076,0.023585739018956938,0.025072097951593732
5077,0.023604581014745763,0.025046206438716592
5078,0.02456304145601011,0.025714704431966124
5079,0.02432105232945087,0.026057676812714866
5080,0.023939492230065293,0.025495118891572764
5081,0.023799804872744378,0.02511406043675367
5082,0.023196943385101625,0.024998009074076687
5083,0.023661944130558783,0.02476390894918128
5084,0.023378183514887216,0.02492999505889758
5085,0.02265659927382821,0.02466646792473399
5086,0.02222405319454984,0.02440167228312505
5087,0.022361912728687018,0.024174092835805173
5088,0.022817362321771287,0.025080582019058967
5089,0.02237426846420765,0.025082082733502067
5090,0.0220048228933229,0.024060240303117292
5091,0.02174871765755668,0.023627160158463886
5092,0.02125704117392562,0.02353753324897478
5093,0.021742331688446394,0.02471789167057568
5094,0.021766145337430865,0.02444023470908566
5095,0.0229863288419977,0.025153098425492976
5096,0.021454055371006454,0.025134072677992215
5097,0.02121581341678321,0.02452490037876239
5098,0.021393678721304755,0.025216536007217998
5099,0.020819693649937986,0.025654699863228124
5100,0.0219958275773974,0.026234771614182587
5101,0.022298868462797473,0.026276926122164885
5102,0.021887542840062564,0.02578767600370564
5103,0.022487972945261912,0.025712382000075536
5104,0.022623722332780496,0.025934430880963154
5105,0.022514252134117747,0.025405421866105116
5106,0.02229390233380297,0.02554034905376055
5107,0.02163394926707601,0.025058156039624812
5108,0.021916442736756685,0.024928133861932298
5109,0.02141597048245796,0.02487441428277132
5110,0.021720807729166552,0.024572915647166488
5111,0.020952443580902716,0.024646074999121872
5112,0.02108893786092544,0.024583614095898747
5113,0.022338516502210335,0.02547527871390532
5114,0.02181199339452763,0.02476720841506554
5115,0.021911417795312485,0.02483248941236074
5116,0.021648021069239784,0.024820511707723418
5117,0.021807653700876166,0.02452767068415165
5118,0.02111047712261558,0.024310789423316905
5119,0.020675752766892232,0.023513459446678937
5120,0.021489120979138496,0.02390892561623113
5121,0.020764811012666605,0.023204912329650086
5122,0.02002423313357518,0.023574552275950535
5123,0.020227786085058465,0.024099095468606006
5124,0.01980985883369233,0.02421271034596841
5125,0.02053794049735503,0.02444981331231493
5126,0.020824154352295732,0.024380655711169895
5127,0.020486992378942217,0.02470868085913457
5128,0.020058653553154646,0.024424001481258315
5129,0.020437064692966758,0.024505766483228185
5130,0.020435848049796812,0.024828428081493267
5131,0.01965399905866454,0.024012857317536468
5132,0.019304296527356497,0.024272070026649606
5133,0.018800286715741757,0.024414761707200635
5134,0.018280339220661204,0.024038980145407018
5135,0.01834323397791548,0.0239359943987519
5136,0.01837999959979286,0.023336868476155334
5137,0.01791722526496484,0.02302851238723632
5138,0.01751655016159608,0.02279785875210184
5139,0.017703924874119766,0.02263741558583859
5140,0.017344769169745703,0.02254305002884225
5141,0.017599735393515496,0.02341136044500232
5142,0.017464699418864946,0.023212592952732952
5143,0.017780509461000415,0.023121938672945916
5144,0.018171415953999747,0.02327359563682464
5145,0.01858490252847211,0.023396136200968906
5146,0.01840500072990066,0.02400976596834561
5147,0.019119421521852895,0.024349298023176612
5148,0.019391410375504715,0.02392807727450794
5149,0.01995049061188061,0.023727951911951463
5150,0.019451816265624707,0.023677350589255765
5151,0.0188448924227,0.02304822508259956
5152,0.018141568953699408,0.02243009197986827
5153,0.01892235149228849,0.02311996131110596
5154,0.01951495824046932,0.023560796465786182
5155,0.020053545070714367,0.023712758936433872
5156,0.02088140989808061,0.02366742586917533
5157,0.020055625916144914,0.023218401383960703
5158,0.01948164566894211,0.022225852542144178
5159,0.018416860269574994,0.021421655326145855
5160,0.017671357988794944,0.02085411818467169
5161,0.018122204813915504,0.020771008367941022
5162,0.01773124026194335,0.021009980506243687
5163,0.018039867364007645,0.02091969769205344
5164,0.01822552823573169,0.021420513240935773
5165,0.01817688749318966,0.021219409743596408
5166,0.01790175157226851,0.021031762923896066
5167,0.01729236549230806,0.019355856559056184
5168,0.017467679442402517,0.019233067849724186
5169,0.017507328069774935,0.019095448287881185
5170,0.018439791892751724,0.01933377155198617
5171,0.019247835772806372,0.019540353686410907
5172,0.0196816488829594,0.020360425742865486
5173,0.01945748612451993,0.02068082613848718
5174,0.01852308014141549,0.02079193356175837
5175,0.017971673744067756,0.02111780055516069
5176,0.018661077313132084,0.021321893661498
5177,0.01809189803270231,0.021188801815638213
5178,0.019115162041316976,0.021859861073420552
5179,0.019078433438523945,0.02220425454846413
5180,0.01940067220256798,0.02264838095671408
5181,0.019612037522212637,0.023117202515604483
5182,0.020569988567904377,0.02386040086219864
5183,0.02051791461622367,0.024135635226087707
5184,0.020372768158438328,0.024259787532579038
5185,0.01955012822152007,0.024026973932355904
5186,0.019307094491202593,0.024147670275906113
5187,0.01931982485711658,0.024323923928202436
5188,0.018435201399186776,0.024294808997678174
5189,0.018432749502578193,0.024248446574871674
5190,0.019434919799966078,0.024722596121634074
5191,0.019323398944281017,0.024250720642633946
5192,0.019593463938385784,0.02432728361924253
5193,0.020043685659666487,0.02482104424107572
5194,0.019333314708680455,0.024391533883000333
5195,0.019285209788440345,0.024414348905949335
5196,0.019557788378716988,0.024098267006572256
5197,0.019456286100029647,0.024114891406807636
5198,0.01949532787071998,0.02415725741905506
5199,0.018969113685573937,0.02425338065973165
5200,0.01862344043599103,0.024276042569148813
5201,0.01815278451441563,0.023396419079542718
5202,0.018922769307663585,0.02327544404964778
5203,0.01940187655368152,0.023248932153970583
5204,0.019236959746627674,0.02359406638130511
5205,0.019517589955657798,0.02376418470947578
5206,0.01892515317546519,0.023543132409384045
5207,0.01823544100813435,0.023104351692311786
5208,0.017656101989178292,0.022596264529002017
5209,0.017495417356681066,0.02285541614057408
5210,0.016644235110571517,0.022052611233509135
5211,0.017128327014676252,0.022423097209535132
5212,0.016797451393040952,0.022094771441647988
5213,0.0169080981071838,0.021676987721171166
5214,0.01752371905609402,0.021942892833523717
5215,0.01811014868219754,0.022254285552536952
5216,0.01843525825624907,0.02215769462098697
5217,0.01836672738436123,0.021817126925127227
5218,0.018432916864248635,0.022031547870313486
5219,0.018922156551532596,0.021995456843735117
5220,0.01921383200674732,0.022234431752084848
5221,0.019200083879085533,0.02242968606159802
5222,0.018822990824816522,0.021765677651189686
5223,0.018969491476516238,0.021919816299452465
5224,0.01935330566421168,0.022222600365581203
5225,0.01934962382311893,0.022040349934252138
5226,0.01926336845178077,0.02224277970850686
5227,0.01910628160982796,0.022169688050241568
5228,0.019314676721059472,0.02212211947465357
5229,0.018696211376067313,0.021593366783259942
5230,0.017899874721450694,0.021242078451227116
5231,0.017751901857862455,0.021721413251759244
5232,0.017542587213225252,0.021394866556558832
5233,0.01685770979252556,0.021560753565384574
5234,0.01708761090803621,0.022106485807898306
5235,0.017445992283561144,0.02228270668438675
5236,0.017437178875570558,0.02289760099155984
5237,0.01733137947866978,0.023279756116574804
5238,0.01733050290948701,0.02371295855910788
5239,0.017108834793015212,0.0237708500684654
5240,0.017165602307361538,0.023928847254105032
5241,0.017149526488016976,0.023336449202309786
5242,0.017305502679024,0.023879038778314255
5243,0.01724418730881865,0.02451788308553017
5244,0.017623093619384862,0.024867230389538638
5245,0.01756567886452278,0.02447360878237806
5246,0.01664024544279421,0.02397434316230965
5247,0.01767865909046712,0.024145408279604114
5248,0.0179323579560502,0.024207618087267013
5249,0.017648805500808374,0.02391583716771002
5250,0.017781121042806967,0.023894554116337573
5251,0.018298320487428594,0.024200037239364227
5252,0.018498017559704708,0.024174932339704292
5253,0.019145089108013345,0.024453381123266265
5254,0.019362800309490728,0.024822738444979155
5255,0.018919854404260084,0.024136263039165974
5256,0.0192258390050959,0.024428063906955535
5257,0.01938337293447595,0.024415032082291156
5258,0.019250988808845574,0.023871665995627723
5259,0.019227695486960263,0.023543786883665856
5260,0.02000652789212753,0.023619772685605073
5261,0.021033750596033046,0.023625204252525046
5262,0.0213593372197087,0.023141821968283568
5263,0.02246300318551525,0.023091330746974524
5264,0.02446546858088692,0.023607286775060184
5265,0.02431560519922346,0.022709535527016957
5266,0.023202352521999158,0.02237956048400605
5267,0.023577301075732728,0.022049030313720765
5268,0.021894125905577173,0.02044763086937271
5269,0.019462273320836228,0.020652307124661828
5270,0.020624623774366493,0.021214878372573923
5271,0.022874056407906525,0.02298327305483992
5272,0.024535838155899298,0.0233401175734469
5273,0.02401023660974301,0.023513609368175797
5274,0.02395742791052378,0.023354894646599175
5275,0.024394787488869935,0.02308422907192137
5276,0.024081877027384516,0.02293602958721767
5277,0.02375376335997248,0.02297393924209064
5278,0.024923249671663667,0.02369402853340233
5279,0.025351561987124297,0.023585356418100157
5280,0.025550709581708672,0.02321496917975873
5281,0.025372814042290685,0.02331998339211708
5282,0.025385147769144974,0.022846317863660058
5283,0.026313052875705,0.023089091513459038
5284,0.026226698344152814,0.02269025329320859
5285,0.026652020881690636,0.02239418231002165
5286,0.02495191101933821,0.021538603415823223
5287,0.02410837001271135,0.02186495886571301
5288,0.024125748416751046,0.022330980775043054
5289,0.02407756480454156,0.02203233041788331
5290,0.024041560903081915,0.0217526375954334
5291,0.02566564687682843,0.02298904726843662
5292,0.025252796562972614,0.023202534043224206
5293,0.024740242762589935,0.02321830943848689
5294,0.02444049797804675,0.023061761466949472
5295,0.02330603845245866,0.022191821004335577
5296,0.02319617442437355,0.02251068839104275
5297,0.023966538758224652,0.023064683143793226
5298,0.024003338154435703,0.022760384875389075
5299,0.023945686050739746,0.02280474278428398
5300,0.02329550418491924,0.022839811634452502
5301,0.02320218774583588,0.02278653135347437
5302,0.023005857340867356,0.022345623486628483
5303,0.023453151660084385,0.02232199970359576
5304,0.022878584071838168,0.02193806418569878
5305,0.023447860958609467,0.021886613576681084
5306,0.02375817308322365,0.021881217726940422
5307,0.023534269502814446,0.022330607088527497
5308,0.02398979594400574,0.022417596795248556
5309,0.02423407401900927,0.02300363481751435
5310,0.02419749658687945,0.022224780874752704
5311,0.024657815453543622,0.02229437288107001
5312,0.02445719128142572,0.022322862473268902
5313,0.023567677222626596,0.021927814775137597
5314,0.023760697936445318,0.022256155555240097
5315,0.022643411307788994,0.021964869212131855
5316,0.020231677892868078,0.022200544929347952
5317,0.019802221818545053,0.022629867557562557
5318,0.019110225506550938,0.022233127486402233
5319,0.018987081121707553,0.021729537953419906
5320,0.018495584820695285,0.021557037503851968
5321,0.019401347512026285,0.021803573191551344
5322,0.018609833321253197,0.020698452922110634
5323,0.019111266678542235,0.02069431008000862
5324,0.018657188757112413,0.02214727418949492
5325,0.018687092631057865,0.022190502419827913
5326,0.018636620854753313,0.022746000436728142
5327,0.019075778447554984,0.02323555790369704
5328,0.019764778736560497,0.023493892979388354
5329,0.019955426698730662,0.023276712496049172
5330,0.019930991528655836,0.022644912174601125
5331,0.01991147408688001,0.022367151306040816
5332,0.01921219647380828,0.022320636870581227
5333,0.019055820821387997,0.022185177008887575
5334,0.01973981144351579,0.02211285799736522
5335,0.020720946248215504,0.022993371723958884
5336,0.020953283030106625,0.022899614516154267
5337,0.0214288938493222,0.02276607826100343
5338,0.02148734693384997,0.022777693701311125
5339,0.021721317731350942,0.02317626835617846
5340,0.02178916964026676,0.02342395818896089
5341,0.021350696665861667,0.02298785971879294
5342,0.021017196385763857,0.023281695091748707
5343,0.020528979007011706,0.023096663528353698
5344,0.02041331829704904,0.023471055904708764
5345,0.0199772319995918,0.02386212703759059
5346,0.01985280836886071,0.023482366192363373
5347,0.0186957798383708,0.022781966190572853
5348,0.019446250736604262,0.023471883989875895
5349,0.01905623706940778,0.02318563362354459
5350,0.0192754898562743,0.02281077172300066
5351,0.019416819992126532,0.02330192830966978
5352,0.0194341012266903,0.023275567576251002
5353,0.018907681298279345,0.02291171322715744
5354,0.019476600545194494,0.023026406255250726
5355,0.019117300681556995,0.02289754504932784
5356,0.019049685430912164,0.023069979431192884
5357,0.019411620848545745,0.023753753287403402
5358,0.01994780378467938,0.02439690669071338
5359,0.019310507255434615,0.02342510701972367
5360,0.01935319369946723,0.023759343252019963
5361,0.018103221773586097,0.023065130388662022
5362,0.017845928798195694,0.022859584831559792
5363,0.018106028509962412,0.02312374009007784
5364,0.01766616368510156,0.023025990277051184
5365,0.017813434028005195,0.022731035665352818
5366,0.01807659067778955,0.02255820213653435
5367,0.017864697661511844,0.022206828224102092
5368,0.017003098915723894,0.02147542743552851
5369,0.01686747988387647,0.02067751608351673
5370,0.01785175643534767,0.020671152655332217
5371,0.01729699263097176,0.020764929553708608
5372,0.01710595032767841,0.020759257720035503
5373,0.017317729923598292,0.02098787745551701
5374,0.01737941306392409,0.022181116834032163
5375,0.018445722335199984,0.02247725376616326
5376,0.018351267949264855,0.022340492609865786
5377,0.017693336043434666,0.02096154555294373
5378,0.017062219860595716,0.019440207517521704
5379,0.017761493778161323,0.019388475844698775
5380,0.01755661704648079,0.019705615007553384
5381,0.017013929919265782,0.020222533146524672
5382,0.01720624394189553,0.02041413134914958
5383,0.01780707931270867,0.021600695876578015
5384,0.018240942457537032,0.022413479991529105
5385,0.018696720549243626,0.022421516111532667
5386,0.01906818676101377,0.02246533900653396
5387,0.019261005825507226,0.022493343302712486
5388,0.01990640049795065,0.02257426959236942
5389,0.01973057676936931,0.022079263626811705
5390,0.01961424478119291,0.022693898504013314
5391,0.018926461879680244,0.022035660780567234
5392,0.018228954828897366,0.022247201021612397
5393,0.01802339491776752,0.022332355205453885
5394,0.01779681768004511,0.02194697804461395
5395,0.017464842340387192,0.02204715685544564
5396,0.01726115812941952,0.021590103712940855
5397,0.01667242668404916,0.021100984596611395
5398,0.016435186695967437,0.02040751136319198
5399,0.01642800355660871,0.020106924324361182
5400,0.016814617391897754,0.020579260507860637
5401,0.016417267078086453,0.019977555716545848
5402,0.017596230954218778,0.020562910041350628
5403,0.01767074788939101,0.0210972344564315
5404,0.016832547425151678,0.01998130946645799
5405,0.015852461411094233,0.019577244293961467
5406,0.016961007363200435,0.020810666534239273
5407,0.01687439711496852,0.020784529894438533
5408,0.0166133537893419,0.02058245162613602
5409,0.01671176075412503,0.02080259094641766
5410,0.016881162828866998,0.020885445457545386
5411,0.017577239182996016,0.021754287148226272
5412,0.01811603057662325,0.021387905187307724
5413,0.019015460483339075,0.022016752495146116
5414,0.018944803703790803,0.022366689996134274
5415,0.01858404453252019,0.022725421449957855
5416,0.018188382354114397,0.02272134965883059
5417,0.017755205656515574,0.02259228373940004
5418,0.017265674835496663,0.022251264707191312
5419,0.01701130761535653,0.022189521548959507
5420,0.016514004684217893,0.02206077829572885
5421,0.016853184636430617,0.02204366747858305
5422,0.016855074699906224,0.022540498096143138
5423,0.017106665311615102,0.022879595358474086
5424,0.017261566277282803,0.02261463930937685
5425,0.016823251405027453,0.02214958928717752
5426,0.016982466390600543,0.02144537796274019
5427,0.017152480240127242,0.021426679416597535
5428,0.018733630693745968,0.021615412417786608
5429,0.01977332415168166,0.022566358641051575
5430,0.020525358063608026,0.022890667759407537
5431,0.01949667498562412,0.022752529539972838
5432,0.019643830333991343,0.022765446977175023
5433,0.01951808726996199,0.022814529164919016
5434,0.01751193480223758,0.022323732982457017
5435,0.017371440345404342,0.02214178394067766
5436,0.017036652132786184,0.021633942712273573
5437,0.017296199098445837,0.02195085561425889
5438,0.017299007794481194,0.02253326752829395
5439,0.01713302961286207,0.02239720908835801
5440,0.016396089830680374,0.02189090760938843
5441,0.016448126950279404,0.022054950547355998
5442,0.016106499760036423,0.022059203553518977
5443,0.016440567513943495,0.022435845820966884
5444,0.016169047608374804,0.02215675992646687
5445,0.01663673310438329,0.022002432447093708
5446,0.016793610110431338,0.022686925799799015
5447,0.016610607785223223,0.02313617894202557
5448,0.016353288663978435,0.022569989423426442
5449,0.016208266774650495,0.022819032753242277
5450,0.016468897822921467,0.022275699977608983
5451,0.016981657761789122,0.023159900015771086
5452,0.01693968470480555,0.02311312963015045
5453,0.016795249668495514,0.02353371168892213
5454,0.016003759073985862,0.02237759773126638
5455,0.015500291941213745,0.02058563659385032
5456,0.01543247377331449,0.01944596117165798
5457,0.015108311903540955,0.018653431066897715
5458,0.015981326980347082,0.01909861318491313
5459,0.016382843607791377,0.019126649340712468
5460,0.01795966659507175,0.019470417806544408
5461,0.019097952793682597,0.019377044614548294
5462,0.01941196313707708,0.020569350734616514
5463,0.019021942267154597,0.022108335241333144
5464,0.019277885474728418,0.023016684313896592
5465,0.019355827371274,0.023139323615092845
5466,0.019859209361715202,0.02376381180851579
5467,0.019957304796120887,0.02382058185356435
5468,0.01960283608143708,0.02305957536307164
5469,0.0192023043447386,0.023905324267824317
5470,0.017665431064657358,0.023044758775975043
5471,0.01848791425170622,0.02288161761958382
5472,0.01983080751429477,0.023467825872998727
5473,0.0194511627938845,0.023728291719653856
5474,0.018623441131932716,0.024018631675649837
5475,0.017871279783444795,0.02410145281024714
5476,0.017945403703820927,0.023183303284109794
5477,0.018417622798909652,0.02377805259057719
5478,0.018667176281129752,0.024632640160369576
5479,0.0190881936807395,0.02441670813228921
5480,0.019114565682382845,0.02419835049281853
5481,0.019699526172309884,0.02447866668862283
5482,0.019432128255584945,0.02400112062655613
5483,0.01896971185291451,0.024400553347911174
5484,0.01883636924416846,0.023622462332576102
5485,0.018851101304758776,0.02354756882465473
5486,0.019074291216611614,0.023868158120734777
5487,0.018619951428063365,0.024382141829472515
5488,0.019106829278454415,0.024910370835675218
5489,0.018600092712367185,0.024455242452216832
5490,0.018694388386866954,0.025350222255112267
5491,0.018761092142678248,0.02554840617030251
5492,0.018172384292652423,0.02497787699168675
5493,0.018331880486422182,0.02495146107445474
5494,0.017455389009798913,0.0244535833149317
5495,0.017000452170711864,0.02392962246596032
5496,0.01675051608202238,0.023761270439442653
5497,0.016968071669566445,0.02375168186068517
5498,0.0164586777169999,0.023566344486524362
5499,0.01649991998156276,0.023415796996028092
5500,0.015949077486669436,0.02319159492622652
5501,0.015996956371352188,0.02294785257701896
5502,0.015574472542692886,0.022886981305391012
5503,0.015722992821075806,0.023065571386084376
5504,0.016324614029048605,0.02385449615834913
5505,0.016228245625383834,0.02411196538914679
5506,0.017041510083229915,0.024169498428103998
5507,0.017373500288750184,0.0242883542827178
5508,0.017554522349763256,0.02427334714672641
5509,0.018081545242297714,0.025063979552937928
5510,0.017994488165745177,0.024984184349340622
5511,0.01789482634265159,0.025501951184443355
5512,0.017523902001341914,0.025085014691580775
5513,0.017241471208689,0.024993636141626783
5514,0.017701936846076696,0.02483461904235181
5515,0.017130587635528688,0.02414816369482535
5516,0.01676319005474308,0.023243648070823315
5517,0.017566062789640745,0.023880540545119597
5518,0.0169887768634655,0.023347424596683965
5519,0.016603029766083594,0.023665103227837294
5520,0.015459294126923874,0.022613509440193254
5521,0.016182922783122847,0.023866315377478065
5522,0.01633212107728171,0.023953309768438732
5523,0.01657924292172711,0.023433939238898194
5524,0.016158851913701828,0.022393301976792762
5525,0.015816911036472703,0.02266547740729648
5526,0.01511780693562496,0.022816276121980675
5527,0.015751911394356444,0.02239180734656892
5528,0.018157214893455894,0.023136119672231052
5529,0.018256463215370982,0.022903457080461903
5530,0.018141779581938553,0.023653947221315665
5531,0.01699690557135699,0.023524601753068444
5532,0.01596601061983144,0.023498593855349144
5533,0.016165806372017522,0.02340399768857157
5534,0.017044358066129257,0.024373320867146976
5535,0.01588231950926825,0.024435690679419628
5536,0.015569938825972709,0.024278505981549164
5537,0.015798022540733585,0.02464856870800624
5538,0.015092016132288204,0.024524182726035557
5539,0.0158021849651056,0.025172208611435796
5540,0.015604219193069506,0.024348536560153535
5541,0.01559322371628373,0.024167752786850672
5542,0.01658894180664623,0.02467885750261259
5543,0.01629095506272921,0.024211435864782346
5544,0.01693308294939757,0.023858785083436185
5545,0.01749324053440186,0.024084684739604206
5546,0.01750656598219368,0.023681395802065058
5547,0.017930907102546842,0.023775966085399787
5548,0.01795930813714568,0.023972746156488662
5549,0.016396182485942896,0.023307333592373965
5550,0.01531989556236562,0.023224416435494253
5551,0.0142249524094423,0.02229609143248371
5552,0.014747972400835066,0.02232764666832181
5553,0.015550772846074841,0.022672020155465503
5554,0.01592379106008589,0.022564366157969813
5555,0.016879747747748464,0.022665955976720196
5556,0.017541922869284184,0.022270799259242184
5557,0.016997935402987534,0.022234313361658688
5558,0.01603891834114964,0.022370759310822254
5559,0.015394246805879967,0.0217630914329694
5560,0.014539117242294994,0.020936049265411878
5561,0.01517936220144793,0.02092755101663698
5562,0.016781660164674733,0.021091651382206006
5563,0.018612183054704176,0.021422361821241298
5564,0.018686097104379372,0.020911867696398634
5565,0.019048079035046926,0.020626535180204502
5566,0.0192573108867743,0.021231240401523903
5567,0.02015207118437706,0.02154816930790023
5568,0.021170361854873355,0.02196904862301162
5569,0.02107732298785652,0.021685001024625748
5570,0.0204026842625042,0.021544144670025148
5571,0.020188874503491883,0.021374348864684173
5572,0.02094101276446366,0.021914247571311316
5573,0.02179555575400716,0.022072909363914206
5574,0.02189353758719332,0.022217418792285934
5575,0.021572796617258184,0.022807558843235588
5576,0.02159817789650567,0.02354935855434743
5577,0.02094180261706904,0.023333303831248913
5578,0.02063525639484046,0.023158875257122333
5579,0.021758674163782365,0.024064344397169268
5580,0.021316180231344836,0.023821520561128056
5581,0.021167504019349366,0.023565932057897546
5582,0.02053050082845819,0.023223249847372313
5583,0.020341875854209712,0.02286872014900358
5584,0.02048133648870401,0.022837809435004477
5585,0.020590037040383993,0.022847063425127788
5586,0.020648519265504393,0.022194215912181375
5587,0.02063386855941079,0.02202522222367063
5588,0.02085295864840209,0.022211696539557377
5589,0.021380119818921642,0.021518112727054152
5590,0.022403795837813014,0.02255067783641528
5591,0.02370245494513422,0.023168180393468227
5592,0.024793298165517418,0.024097214271221006
5593,0.024905129453826544,0.02469744640241336
5594,0.023598787861779928,0.024474062933593492
5595,0.02274509367904131,0.024294084425791007
5596,0.020528642818575544,0.023578108745657956
5597,0.020081533724943965,0.023265466306794633
5598,0.019772485082574467,0.023203605164253058
5599,0.019357113515842968,0.023131862757957252
5600,0.018984125456240706,0.023043430815401413
5601,0.01904646066605989,0.023059247923552934
5602,0.019094553427292712,0.02305517181873364
5603,0.019394455344266745,0.023031606091729363
5604,0.019714856159152423,0.023319949587426825
5605,0.019508119575300686,0.023248220134121256
5606,0.01912020948721709,0.02328135680677757
5607,0.01934107139914862,0.023463462886018752
5608,0.01908541934556133,0.023063847809331205
5609,0.019014271380725988,0.02302341360648542
5610,0.01951370932013511,0.022316851735267967
5611,0.020173723365711535,0.022423583431894534
5612,0.020011972903746223,0.022387118608601167
5613,0.020725637749864013,0.022343532955429103
5614,0.021557906754622765,0.023127067552679917
5615,0.02217060396163814,0.023492769316067783
5616,0.021893296458561154,0.02322561577355147
5617,0.02127640834469207,0.022714793481256042
5618,0.02146711434993426,0.023195165390022005
5619,0.02129509783483003,0.023031781694399033
5620,0.02165792921801905,0.023095914846950803
5621,0.021747469382319126,0.023633066539561088
5622,0.02173549656404387,0.023666947109103578
5623,0.022025709796602514,0.023591397127446623
5624,0.021506239598100448,0.02377331179408768
5625,0.02136899346704938,0.023143339286004302
5626,0.02153253615119737,0.023563526147577354
5627,0.02201882383603206,0.023353966999157396
5628,0.021814548018098675,0.023038632163516256
5629,0.021298409013471267,0.022900780846584957
5630,0.02083428896478688,0.02256576325590222
5631,0.0206170357986443,0.022690055241653007
5632,0.020244775496906658,0.021934732187792665
5633,0.02039050828484697,0.0217008857026068
5634,0.02080873568124376,0.022293326536349398
5635,0.021797888287216946,0.023288975288435626
5636,0.023073445875530747,0.024506480439543264
5637,0.022957123209464168,0.025558259722789932
5638,0.02301101284655261,0.02555436038417948
5639,0.023108321754250778,0.026141614423414908
5640,0.022892616102214904,0.025689265899935067
5641,0.02187952263001017,0.025189726862939986
5642,0.02205671346999963,0.025257991096443933
5643,0.022281007342299333,0.024987052091286176
5644,0.02216216833444858,0.02498865362384552
5645,0.022532380646216623,0.025670331010642908
5646,0.022133349428121535,0.02575666885587665
5647,0.02212691462059863,0.025501029376336786
5648,0.021955578391774606,0.025577251244344457
5649,0.022329340428892,0.025840801205044773
5650,0.021836951546179876,0.025711382728352588
5651,0.02185991382304259,0.026097214734518585
5652,0.022485559461450297,0.026062868812805114
5653,0.022376277541156387,0.02611552362368453
5654,0.022829372201284493,0.02615655152325465
5655,0.023121941146394282,0.02636234447003694
5656,0.022403650213829816,0.02632640341241385
5657,0.022568384234218274,0.026438001268551087
5658,0.022649129149014232,0.026273037897820477
5659,0.022404309464420374,0.026482368013123377
5660,0.0218406263538669,0.025792247197492645
5661,0.021366749971965755,0.025541841416062222
5662,0.021463181410897376,0.02562422774276071
5663,0.02210959636627055,0.025676730866534145
5664,0.02213461224185437,0.026121005261746547
5665,0.022167263990086068,0.025662962469319813
5666,0.021307481317115733,0.0249103016323506
5667,0.020977166730260965,0.024562145995857782
5668,0.021459925489707453,0.024744001738319345
5669,0.020757226184398677,0.024789345573347225
5670,0.021085520777385486,0.02463454087926917
5671,0.02109745443463543,0.024500808338976925
5672,0.021087447247616395,0.02471904426881294
5673,0.021783380186771922,0.025310839200046027
5674,0.022554764698204582,0.02612852403507769
5675,0.023408195227460623,0.026447064966169838
5676,0.022970037245305004,0.02657014766916558
5677,0.022799420055280826,0.026103926181245095
5678,0.022576668285607514,0.025636968541426653
5679,0.02220410288402297,0.02516022261451815
5680,0.021718937518404886,0.025240934196748815
5681,0.021766072046740893,0.025216545605051335
5682,0.022193659856198804,0.0255272303219188
5683,0.022031433750808856,0.026121569990919778
5684,0.021708819500172994,0.026111776136196904
5685,0.021828906589839533,0.02638751942311411
5686,0.021915358644692386,0.02603233004514688
5687,0.022198135711537406,0.025803689054870606
5688,0.02140346802835982,0.024995863317224223
5689,0.021923423895785943,0.024247032988790804
5690,0.021514104806409216,0.024103325207517436
5691,0.021183910450091346,0.023890335287306733
5692,0.02150365817344334,0.023879989218590466
5693,0.021097611726914007,0.024146038935427022
5694,0.020991909395938837,0.02472897499431722
5695,0.020830785760353597,0.024598801543775146
5696,0.020926528233820095,0.024795313675931248
5697,0.02118382109899137,0.025250611603231624
5698,0.021737291590316073,0.025396053788853474
5699,0.022213137164792996,0.02585364894434474
5700,0.022502563588410473,0.02603339535168911
5701,0.022993363016515663,0.026427014898597927
5702,0.022639180326079325,0.026648765119840257
5703,0.022812853047659207,0.026706504983042906
5704,0.022340997882683154,0.02605495556550159
5705,0.022571102360873327,0.026075292338766782
5706,0.022187518087043015,0.025883282228337492
5707,0.022831906447607235,0.026756557013980213
5708,0.02331508232440954,0.026664498834911777
5709,0.02309984957910772,0.02670769829001912
5710,0.023384952475174536,0.026675520334144442
5711,0.023764149286991325,0.027309809380001538
5712,0.023300692515672326,0.026816730037869035
5713,0.023264077658114203,0.026451127489253018
5714,0.02343675387379112,0.02644980122083676
5715,0.02282237348921672,0.025989548970830646
5716,0.022709747760981374,0.025093590600802147
5717,0.02315422965786507,0.02568105841092635
5718,0.023921365070663926,0.026610006616351205
5719,0.02371863512967969,0.02709690188980927
5720,0.023389669405644516,0.026789030239197806
5721,0.023181862607975973,0.026545187932251822
5722,0.023153206363315422,0.02681057457874818
5723,0.02360524894043375,0.02694870970160123
5724,0.023635260860982502,0.026822925445046757
5725,0.022993220173282567,0.026414892160139612
5726,0.02272667601137695,0.02584487542142592
5727,0.02259965301459253,0.025880426053832437
5728,0.02251531121599736,0.025711018112203114
5729,0.022908352789786594,0.025885320768619983
5730,0.022977081255476813,0.025432088961163838
5731,0.022820209105096013,0.025041757484422666
5732,0.02298856969888519,0.025063389099249846
5733,0.022459920651875156,0.025161546461016995
5734,0.02218019209095405,0.024046967732082165
5735,0.02159664148394144,0.02372487475984328
5736,0.020900914503485333,0.023043387554186476
5737,0.021352998050796736,0.022779221920647793
5738,0.02095593397973857,0.023005440262604815
5739,0.021661036380522514,0.023752875900253385
5740,0.022010119694707765,0.02387274906165585
5741,0.021852815151618885,0.023953899689409964
5742,0.021435407414109403,0.023184885275681025
5743,0.020990205082314733,0.022635445148949558
5744,0.02101792412619471,0.02163886471479888
5745,0.022028090111729688,0.021504539070208335
5746,0.023416400047737287,0.021904365607849873
5747,0.023411157437981642,0.02152071599568654
5748,0.02357887337718621,0.022338530273048614
5749,0.0233048330978318,0.022633012287888228
5750,0.021786251696347354,0.023066837420879477
5751,0.021444224879067095,0.023363964472041202
5752,0.021787991861430777,0.023892743842936267
5753,0.021340823314772155,0.02413639457179673
5754,0.022365693790476884,0.024739310895896618
5755,0.02224500637079017,0.024512741555009612
5756,0.022530851459047013,0.024308583421373712
5757,0.022833933081087682,0.024728571080613174
5758,0.02316351973182125,0.024837300331468408
5759,0.022559457915791704,0.02501956786305876
5760,0.02220743653013957,0.024832167306864092
5761,0.02180404564045824,0.025084506338009214
5762,0.021307816848351712,0.025364063117071147
5763,0.020252071332893824,0.0247725709205259
5764,0.020178275998016464,0.024481159063393598
5765,0.021324854501809716,0.024710633616189148
5766,0.021548304293202668,0.024567094338718242
5767,0.0212815487058618,0.02443822314027402
5768,0.020959918568587962,0.024213016908386294
5769,0.021700526012069357,0.024169018562769488
5770,0.021694363164165502,0.02342477558617477
5771,0.02237413165805129,0.024582058878447357
5772,0.02160219523657286,0.024656567921866355
5773,0.022626705176202893,0.025049953618915297
5774,0.02273795506391174,0.025506080852424184
5775,0.022581531627561487,0.025416348930572926
5776,0.02255423363474045,0.025701105624699485
5777,0.02162801320771466,0.025353432885740497
5778,0.020996478713184937,0.02557458022685893
5779,0.020700213253438786,0.02519033826098248
5780,0.020489973059805437,0.02460508421436193
5781,0.021068283263258887,0.025078969883344505
5782,0.021230211268957053,0.024868256309707314
5783,0.020331679909461463,0.0245673671405678
5784,0.019806092292713885,0.024596936572470567
5785,0.019336495801946376,0.02418491038088181
5786,0.01968831624967089,0.024336674332887942
5787,0.019284006206849242,0.02434747532020676
5788,0.01880771816874588,0.02400399596424963
5789,0.018839153543529552,0.023422733320423536
5790,0.018328013953963364,0.02333957507268125
5791,0.018675345486657415,0.023188921009831824
5792,0.019289267216589082,0.022936978210280554
5793,0.019627264952101073,0.022662468363865398
5794,0.020565394342846353,0.022676636227758337
5795,0.02153298317204605,0.02373964045587482
5796,0.021156881187080548,0.023707950278471758
5797,0.021327809197443,0.024018156693236852
5798,0.02090155407006769,0.023981950700658006
5799,0.020243500153542197,0.023439724285934178
5800,0.020075368027353158,0.02337598453199836
5801,0.01945853943657262,0.022881491783473904
5802,0.018659625288633314,0.02176387179736845
5803,0.018871132294090914,0.021629046962677447
5804,0.01918610881512569,0.02160127619189824
5805,0.018787404768690754,0.02233213821813342
5806,0.018964967687576988,0.022664195040045063
5807,0.02005088099159116,0.023525167594578837
5808,0.02097584814573165,0.024623271122387734
5809,0.021959522071736348,0.026147627736447857
5810,0.022802332912622684,0.026607590198460023
5811,0.02262294614480951,0.027154209790589003
5812,0.02270615761662971,0.027050154427251057
5813,0.02304727982806834,0.02724618086235033
5814,0.022810948009304735,0.027624725642044858
5815,0.022811404833729492,0.027308523753627127
5816,0.02274781301941522,0.027578979722283917
5817,0.022906128446033652,0.026596712744303846
5818,0.022852001624843566,0.026373473296154915
5819,0.023749588723852053,0.02677826112276407
5820,0.023424398987916675,0.026731481841830478
5821,0.023164874405155928,0.026908514083501592
5822,0.023207727779376724,0.026737936491478105
5823,0.02316158707949928,0.02734440735099525
5824,0.023223684965070584,0.027115943076746224
5825,0.023356360243378955,0.02745957768992031
5826,0.023323617879008503,0.027650071261485085
5827,0.023219118313801485,0.027063909556055636
5828,0.02308232359051888,0.027297363370165733
5829,0.022930138939378807,0.027307362061365286
5830,0.022662268568221174,0.026394196756907972
5831,0.021835300835877754,0.026104726243571526
5832,0.020620673989768024,0.026364279318568686
5833,0.019025602272992135,0.027785761901967954
5834,0.018753279181299733,0.028330868269557496
5835,0.01841379079472442,0.028349471123187264
5836,0.01893235549639537,0.028592089786724575
5837,0.018699381113559833,0.027970012884568345
5838,0.018048615241826514,0.027499599000103854
5839,0.0174793449376155,0.028856316128613495
5840,0.018044189867224645,0.02921430805926481
5841,0.017543525755428828,0.02899530782231025
5842,0.017657326076754208,0.029582473489422282
5843,0.01695015332918921,0.029704025849064626
5844,0.01658222787862894,0.0290828179359778
5845,0.017230390792518552,0.029517728790484456
5846,0.01780116510752981,0.029786535948089422
5847,0.01773694891679322,0.029310958662728454
5848,0.017805118933948018,0.029497691352734095
5849,0.017391403447679327,0.02925062075935645
5850,0.017351107032259543,0.02896709983286478
5851,0.01717058534455884,0.028376966098639732
5852,0.018248253322388743,0.028447640118931587
5853,0.01960552709056954,0.029228372025972612
5854,0.018842880238549055,0.028728780979041687
5855,0.018827029765803346,0.028798192226272515
5856,0.02009738146683072,0.0283321941232413
5857,0.02036427891894891,0.027626482773558895
5858,0.019754137222091735,0.026157363985290557
5859,0.019570208253095626,0.026584366761585328
5860,0.019560397789314756,0.02660314783468772
5861,0.019344164531611325,0.026839509424742662
5862,0.019036138512957948,0.025734280315903434
5863,0.020104970637820952,0.02644746491364815
5864,0.0206716387149815,0.026290976395673984
5865,0.021080718771693183,0.02723266853308919
5866,0.021173910029039063,0.027883738069274872
5867,0.020317765793015377,0.027636154093739533
5868,0.019962513211911673,0.027147677201352114
5869,0.019216282661791782,0.02717713501184043
5870,0.01916821937270049,0.02646960339274704
5871,0.019251560901694224,0.026811940426482446
5872,0.01862951086048319,0.02658905747837952
5873,0.01854757057618645,0.02647598160245361
5874,0.0190164230874362,0.02678263368536452
5875,0.019084760943573868,0.027165001544593975
5876,0.018826045572961903,0.026880073565765234
5877,0.019069345798536214,0.02674527847257012
5878,0.019226725315319902,0.027629410970826426
5879,0.019375007465860593,0.02747190940629749
5880,0.01888743859342969,0.026774965774264362
5881,0.01858293875467164,0.026381550390885893
5882,0.019083347917429043,0.02629511402193484
5883,0.019068117850844137,0.027296068683795482
5884,0.019558190899933655,0.028364010646466348
5885,0.01858515495214161,0.02776158642250107
5886,0.018148616756644226,0.02813950351158044
5887,0.01740408287486626,0.028422330489589264
5888,0.017425390434035442,0.028167548030282437
5889,0.01717687884450215,0.027860992424795037
5890,0.017930651254166215,0.028786758400128384
5891,0.017826692838390473,0.029212793502758603
5892,0.01776656905163422,0.028796157439839893
5893,0.01722814621670919,0.02885807320464524
5894,0.01670047555516671,0.02831676228379271
5895,0.01581625315671197,0.02760811374202097
5896,0.01674421986242944,0.0277799785809062
5897,0.017024537746591937,0.02848187419097596
5898,0.017151748031543138,0.02751911507010525
5899,0.017315974457919117,0.026742928361730277
5900,0.017872650206480614,0.026492247256853545
5901,0.018130926256781348,0.026608748184318506
5902,0.01901373153193783,0.02731514546409209
5903,0.019391672283320244,0.02755885088465158
5904,0.018577371721082606,0.02766167035682351
5905,0.018685665431208445,0.0273082912064286
5906,0.01814041072040064,0.027093689748451215
5907,0.017353859559379164,0.026093677289797317
5908,0.01712016068039577,0.02521090676881314
5909,0.017448465413293337,0.025968964695984347
5910,0.018409980296506985,0.02663957344076174
5911,0.018971354665214053,0.02601971075081476
5912,0.018413409248132923,0.0266201968256107
5913,0.019444790574525975,0.026327329304047825
5914,0.019967413405924037,0.026470701545581822
5915,0.019994865437331068,0.027127824370898102
5916,0.01925906181880908,0.026847967695268583
5917,0.019919219362657028,0.027292992601155946
5918,0.01916442584019098,0.026712304562700417
5919,0.01966099948235971,0.026955230169789908
5920,0.019760258549898817,0.02691839931171926
5921,0.020051039776755555,0.027051395672579873
5922,0.019784375554577825,0.027108753815610103
5923,0.01933354977080112,0.026397524258055766
5924,0.01965405736334209,0.02628142861525902
5925,0.01999642746861942,0.026731668657875768
5926,0.020462845888151626,0.027117523800646914
5927,0.020418694258126445,0.0267770341691604
5928,0.020652444195932675,0.027346971619446724
5929,0.020591122600045968,0.027730009364794403
5930,0.02044352704404299,0.02770350295962685
5931,0.0203088629588808,0.027638984938796213
5932,0.02014338855685208,0.027859199668505173
5933,0.020250481743688445,0.027493884039495653
5934,0.0201534042327664,0.027509849143433674
5935,0.019283389079066567,0.02731113243890132
5936,0.019325382916575398,0.02727131234546902
5937,0.019294413504208414,0.027411072394760535
5938,0.01930878720851176,0.028113117078841777
5939,0.01976803331576628,0.028459958869512116
5940,0.02013360654433053,0.029091826454745194
5941,0.020628112826297205,0.029148823679385684
5942,0.020434478075240924,0.0292841697794947
5943,0.02004792366732028,0.029149324368061977
5944,0.02039207485313007,0.029295360778842865
5945,0.019523051673784392,0.029443025341312865
5946,0.0196081825555195,0.02898596346226947
5947,0.019106824123563713,0.02884940611942934
5948,0.019029491186389285,0.029025248659452857
5949,0.0185583337615479,0.02869167023622665
5950,0.0186092885603608,0.028392040138502283
5951,0.01913678363178146,0.027701812380347874
5952,0.019054922903935238,0.02747643950220996
5953,0.01943045456286091,0.026958454932445735
5954,0.01911851370442684,0.027185788242849018
5955,0.01936015100136707,0.02785950884079429
5956,0.019722932071854837,0.028924785965742036
5957,0.020629567255106406,0.029322128739424427
5958,0.020959811196147912,0.028911109935438616
5959,0.02106336813811436,0.028819659817016497
5960,0.02147416400894409,0.029195693771924998
5961,0.021533599023617057,0.029078689239119077
5962,0.0212164519182745,0.02900662551464118
5963,0.02067217035636408,0.02927523248861006
5964,0.020888150163108105,0.03002117767491494
5965,0.020124195342117266,0.029948825862523714
5966,0.018780906334111704,0.02972571781931834
5967,0.019390836260604057,0.02931532777611625
5968,0.018921743249241736,0.02863029223939978
5969,0.020263517224415103,0.028654437169302813
5970,0.021071975772927097,0.027192722707458636
5971,0.023063646446903563,0.02653059562404096
5972,0.026224587036675757,0.02579115115782252
5973,0.027623412686182215,0.025696680389242346
5974,0.02877359786320773,0.025215530655228913
5975,0.03024053848207576,0.024742588830686797
5976,0.034065873167898615,0.0240031567957594
5977,0.036468961600232865,0.022716116409685728
5978,0.03674955925571306,0.02242907755255375
5979,0.038593657664901,0.02217591483628304
5980,0.038369378515294185,0.021977154747194607
5981,0.0349076042506573,0.022460807711740503
5982,0.03037017996905507,0.023584644452998776
5983,0.028243353203387455,0.023751360084408358
5984,0.0274868404029954,0.024409935200669267
5985,0.02680946077650927,0.024628499245185332
5986,0.02652255210085323,0.024863998727904617
5987,0.0291076544944142,0.02536504075416195
5988,0.030062860436182157,0.025272712074131412
5989,0.030399309853929926,0.025545396683741804
5990,0.030221835967124924,0.0251332887202838
5991,0.02989945812602058,0.025065171023377117
5992,0.030057343636490593,0.025189603391359203
5993,0.03039566054158206,0.025293114114065596
5994,0.03045008465152037,0.025397721705659224
5995,0.030037809237412658,0.02504639742203454
5996,0.030239233771851417,0.024543927943029554
5997,0.03031475896332219,0.024497925190199006
5998,0.03083311540998895,0.025040024884455826
5999,0.030543229057064154,0.02511928578051412
6000,0.029772902549875507,0.024672213055413117
6001,0.029500386657027675,0.02480429659387866
6002,0.029560681734254655,0.024820810756949703
6003,0.029025990753512167,0.0245583973907273
6004,0.029729555350953406,0.024844094927041125
6005,0.028465237502264984,0.024369118958434098
6006,0.028479177204236903,0.02424977836180086
6007,0.028653538396773526,0.02438535205949358
6008,0.02879170906288509,0.023993994393496223
6009,0.029464359226470917,0.024174848774695473
6010,0.03008944840713975,0.02454051824603281
6011,0.030235583143895888,0.024839834821424187
6012,0.029795939605198125,0.024795634755768663
6013,0.029361546699671965,0.02477973439186503
6014,0.029602750287600316,0.024534130130925834
6015,0.028507054725242092,0.02417784322743394
6016,0.029622933540407334,0.024925117103031916
6017,0.02920870960024519,0.025509023609868165
6018,0.02825796337384978,0.025270743699300574
6019,0.027525739233583615,0.02501403182001501
6020,0.028911301457243153,0.024990023862571476
6021,0.029263834132082917,0.02457422524771623
6022,0.029039512779147385,0.02395998050936258
6023,0.02860501248568207,0.02421002062030635
6024,0.027515584371664098,0.02355376575505379
6025,0.027209201961778992,0.0225913512791836
6026,0.027350623832517778,0.022498141290256155
6027,0.028832521886916106,0.023827601973265694
6028,0.028510811443918073,0.023865542552218587
6029,0.028572099486059634,0.02362855856582596
6030,0.028605761621829925,0.022749682207461756
6031,0.02921282853089949,0.0222752244676706
6032,0.028680816268513258,0.02176569520680483
6033,0.02955344790883862,0.022170193345958895
6034,0.029419045896218996,0.02228716776392635
6035,0.029118724660934125,0.022370762171175947
6036,0.028959571881666025,0.022981284572622666
6037,0.028856091577238077,0.023236574353101124
6038,0.02953885659836377,0.023362949623972666
6039,0.030030715976206233,0.023933695703657134
6040,0.02937662235084803,0.024497258881355947
6041,0.03102289782896221,0.02513780049040378
6042,0.031801013869676244,0.025213736669161827
6043,0.03210825530878537,0.025303798435661985
6044,0.03143117329611013,0.025205631953055682
6045,0.031965734382159335,0.02546281852809959
6046,0.03125216397816049,0.025356325472482597
6047,0.03146273842694191,0.025496261831983506
6048,0.03143030610289229,0.02551178905896391
6049,0.030537919595424932,0.025308392362396945
6050,0.030946293946492252,0.025193312024445556
6051,0.03141187270371791,0.02513806784853456
6052,0.03183934792096612,0.02522572804704332
6053,0.03163144087117693,0.02523815498415989
6054,0.031598517461824134,0.024984070541088168
6055,0.031817159997205025,0.02446607043625021
6056,0.032980816730575874,0.025153204216992953
6057,0.0328717448148478,0.02508631861816599
6058,0.03263413526422238,0.025071214117079403
6059,0.03311443006294224,0.025763111364401077
6060,0.0329646619182928,0.02537305466097613
6061,0.03242266003894443,0.025291071990890264
6062,0.03208545458815238,0.025423933092284436
6063,0.03116401745663668,0.02563607424206722
6064,0.031055531011974374,0.025576365394350615
6065,0.029807475864908343,0.025269007466801018
6066,0.02886624712714339,0.025665361995255306
6067,0.02748646379680414,0.025254217947864376
6068,0.0283367283592698,0.024853386959677048
6069,0.028641245526106134,0.023925868099185024
6070,0.029086866550504166,0.024072471667744122
6071,0.028470741774338167,0.02335346634230735
6072,0.028371500841536345,0.02286305874867572
6073,0.02779628340076948,0.022916796252254092
6074,0.027623688287508635,0.022490586021498525
6075,0.02747296392551321,0.022377052487372266
6076,0.027157132827503504,0.022213286518355652
6077,0.026859083428212242,0.022113968913082406
6078,0.026660958790888832,0.02187142387148691
6079,0.02647016590892697,0.021832662408844607
6080,0.025477258155132455,0.021478345463972662
6081,0.026958203752367835,0.02243929642642576
6082,0.027782417155736216,0.022791105057369285
6083,0.029273163779374656,0.023770652529274523
6084,0.02957913182273439,0.024168468680629288
6085,0.0290895548244621,0.02457628247745572
6086,0.029162945578079313,0.02470832551416917
6087,0.029671225713534824,0.024919531084166568
6088,0.02971415462943144,0.025365439633208642
6089,0.029430519437958075,0.025003233900302495
6090,0.029750175309536706,0.02495811590528843
6091,0.02939262584919162,0.024642520565729416
6092,0.029749996251861262,0.024810539046834352
6093,0.029757942427708763,0.024638427843921486
6094,0.02957818464287511,0.02470265899326427
6095,0.030130477998538654,0.024849957362688153
6096,0.02955930152865232,0.024732445481563017
6097,0.029647779430896037,0.02491222951045517
6098,0.03017554270984755,0.025187989292762062
6099,0.030323668549530593,0.025505002203863772
6100,0.02936875055954821,0.02490144861581894
6101,0.029569837018258393,0.024755437335924436
6102,0.028795259824316778,0.024367380085476193
6103,0.02754090896531475,0.023778007325963003
6104,0.027125438961293994,0.024181745642274117
6105,0.027691496719641037,0.024279290995929084
6106,0.027823527181596117,0.023851122201339288
6107,0.0281200968424449,0.023844281311706888
6108,0.0285336247920014,0.02438160536143079
6109,0.028664080698041366,0.024847511814295658
6110,0.027874089216125764,0.02463267308830679
6111,0.027237240421120714,0.02488052762963197
6112,0.026985367968276625,0.024465276277122534
6113,0.026369025949066992,0.02460002277349753
6114,0.024312472605957612,0.023244990398611737
6115,0.022228406031764854,0.023506879859040843
6116,0.02350410931264166,0.023418524956371454
6117,0.02603887973507313,0.023827145765083154
6118,0.028055297472055315,0.024000261736682706
6119,0.02765471432063317,0.02362671222907754
6120,0.02784890263765842,0.02392002459323784
6121,0.027625233424060442,0.023883854183229674
6122,0.02842656251527709,0.02465323411749287
6123,0.029085057568404044,0.02483338938024237
6124,0.02934657710237374,0.02558282780894928
6125,0.028761441543759824,0.025071532200851218
6126,0.02840867815412322,0.025059858714025586
6127,0.02740096160798158,0.024483004868855678
6128,0.027805937905249052,0.02414317559322175
6129,0.028149739995396723,0.024630230906019984
6130,0.028519089523611433,0.02490257683615959
6131,0.02853866275396691,0.02548308742389963
6132,0.028975342701301813,0.02581519829162983
6133,0.028755512284931502,0.025899234836280236
6134,0.029507711157425436,0.025779615793009455
6135,0.029694711830480627,0.025721083649944534
6136,0.029394287279860886,0.025603374501218353
6137,0.029843542886804235,0.02580874007435942
6138,0.028835158950817247,0.024670038860833784
6139,0.02885591695641041,0.024534925338684285
6140,0.029116250705980812,0.024707722700045412
6141,0.02959469498175616,0.02487269593731167
6142,0.03105507969454611,0.02541802089018945
6143,0.031066782726936963,0.025685780035814055
6144,0.03155752497195138,0.026138091519393003
6145,0.03153741908411209,0.026257958310841014
6146,0.03128108998142153,0.026055682196713018
6147,0.03056583125455622,0.025927416131145232
6148,0.030307558210758156,0.02613640181705845
6149,0.03010568573106441,0.02610680114530733
6150,0.02908024338087368,0.025455905471798296
6151,0.0287886754586326,0.02552540453561126
6152,0.02919675487226038,0.02566450313530618
6153,0.029221916418550185,0.0257986090060227
6154,0.029758479005639514,0.02583250581718429
6155,0.02940070347136563,0.025898621791734012
6156,0.029707903084687376,0.026087437306394713
6157,0.029563298389347764,0.026199192907802704
6158,0.028967366262973183,0.026059158622413984
6159,0.028427974712092675,0.02564093666429499
6160,0.028983503866061227,0.026044834720432
6161,0.02788266547404759,0.025796448189557567
6162,0.026901637667254414,0.026060986707070636
6163,0.026222265568889288,0.02622116511298928
6164,0.02688719527862467,0.02611826652520558
6165,0.02705508259067755,0.026148648239123874
6166,0.02651346627837054,0.025907311158693477
6167,0.02639294291659772,0.025363038793332213
6168,0.026340616941424252,0.024890111455588854
6169,0.026570603912424866,0.0249560574468255
6170,0.026496419233310385,0.024716852469756197
6171,0.026787799859823967,0.02473503630649882
6172,0.026271883775264387,0.024435455906149
6173,0.026862859172213285,0.024310272942646562
6174,0.02766836833463106,0.02409406700293659
6175,0.027194894755482268,0.023673452643184902
6176,0.027375064244765795,0.024137396867339036
6177,0.02697648121530243,0.023976499787376312
6178,0.027257407478073245,0.02478163664832804
6179,0.028046685211593373,0.025318605546055015
6180,0.02744314266089391,0.02490934515151599
6181,0.02765484135180024,0.025404058626248914
6182,0.02805292488936499,0.025594036840979495
6183,0.028091691316095468,0.025897649562212296
6184,0.028139434636524,0.025579405046388125
6185,0.02800274387945781,0.025219488920443484
6186,0.027782750413600003,0.024898668997606534
6187,0.02914424524930902,0.02545832737430266
6188,0.028358809176853537,0.024829461532819296
6189,0.027858284140184337,0.02504023999984108
6190,0.026325594530480553,0.024212599146261213
6191,0.026261214036999582,0.023613322945097433
6192,0.026190598470446393,0.02272418324934766
6193,0.027478861590079243,0.023804545362818747
6194,0.0272979770030974,0.02292880004125879
6195,0.028827649154448427,0.023263500822215805
6196,0.028438984822511414,0.02341357442696902
6197,0.027754187013843235,0.02297302736393164
6198,0.028536871548432804,0.023673373880293266
6199,0.02845292813889413,0.023367773412163485
6200,0.029551700086887494,0.024375531127419952
6201,0.02869530281350419,0.024434422223236458
6202,0.029283412354382303,0.024937484207669856
6203,0.029917290914526568,0.02575188572974089
6204,0.030282841469326173,0.025780369166441698
6205,0.03036142677239244,0.025656825144275086
6206,0.030197467085578508,0.025703975796161325
6207,0.030193499020242855,0.02625888096799565
6208,0.029977123596387673,0.025812848858592825
6209,0.029821558231450475,0.02578909300437496
6210,0.029823771627262005,0.026080737310915175
6211,0.029327068407933938,0.02612482185561288
6212,0.030924846347510603,0.02675788611722959
6213,0.030748793010586757,0.026347641368106522
6214,0.030809650920438962,0.026065592393433906
6215,0.030867187231121012,0.026014433796470216
6216,0.03002867422216426,0.025631226794336943
6217,0.029884380506759223,0.024946707888729713
6218,0.030471088750616264,0.024261290774913694
6219,0.030977800951002783,0.024415798323012827
6220,0.031266974603064365,0.0248808357687187
6221,0.031664106719116486,0.024801214434317754
6222,0.032635905568531826,0.02567344786827041
6223,0.03236067890516391,0.025172174414265842
6224,0.03192885800435849,0.025091543763005514
6225,0.031056479836231124,0.024860844036246624
6226,0.031714224161649235,0.024905973898782484
6227,0.03188343112436572,0.02542162061262398
6228,0.0312941745722205,0.02514954363271892
6229,0.03214511431691765,0.02563838983989465
6230,0.03180859751877357,0.025186969674340184
6231,0.03048163487954195,0.02505300391803224
6232,0.03043185319269992,0.025538926377403803
6233,0.030580868533785156,0.0258614009472707
6234,0.030750141878066826,0.026096962316755064
6235,0.02997055097590503,0.026042396739270023
6236,0.03079045849241467,0.026379163110412295
6237,0.029996904906966444,0.026189376726224387
6238,0.030933975219278317,0.026444411471974225
6239,0.030866954270486933,0.02692053126282134
6240,0.03062108782837442,0.0264500448286251
6241,0.029816304706274565,0.025768673468504907
6242,0.030679560841160823,0.02615608175601898
6243,0.03097265751431583,0.02648393025947435
6244,0.03132641414136775,0.026654038213408587
6245,0.03211140565333608,0.027081467680004644
6246,0.032099043767346236,0.026783003093345865
6247,0.03139629934319511,0.02615494478190454
6248,0.031530707546528654,0.025756177857019537
6249,0.032118562001249296,0.02628788451418428
6250,0.03186463111183173,0.025802264528994458
6251,0.03172188517854781,0.02592264861750409
6252,0.03165657597059835,0.02616005820452473
6253,0.03175383665582187,0.026424942310610218
6254,0.03161725898695746,0.026296618514538014
6255,0.031111265990696756,0.026374025301508622
6256,0.03156320133924996,0.02690972403403613
6257,0.030884904509408458,0.026626642788603345
6258,0.029465453988938954,0.026385976042038833
6259,0.030117963327255654,0.026652565430190116
6260,0.031175661383367734,0.026269543460894152
6261,0.03146834169736923,0.02610957505870569
6262,0.03158543573621835,0.02572819444825939
6263,0.03125324074316839,0.025611772943585267
6264,0.03133135887220493,0.025584058611053367
6265,0.031729018545911127,0.02596864271816598
6266,0.030475311476970215,0.025031056989212944
6267,0.031186541381173917,0.02534311090118531
6268,0.0313670679857449,0.025568167007154946
6269,0.031202525234694675,0.025203776682555728
6270,0.031023830656607968,0.02503765441243384
6271,0.030061757653951082,0.024064602021860126
6272,0.0295237119068961,0.023512580880608588
6273,0.02903450228519576,0.022873443371013626
6274,0.029362054149843508,0.023547159713265757
6275,0.028320766004151954,0.022678538798432367
6276,0.028341845084672527,0.022659123179621064
6277,0.027792696115063326,0.022366552703573343
6278,0.02749881610641956,0.022842884567260184
6279,0.027627844429274677,0.0226089148653462
6280,0.028532005125380067,0.022846744017834507
6281,0.028380060535859106,0.022665935913344343
6282,0.02898115359618656,0.022817470260312698
6283,0.02932221973228938,0.023508322969643836
6284,0.029580252863759253,0.023669746011121064
6285,0.02916697747185001,0.02369135178809571
6286,0.028202096696118818,0.023106015496532198
6287,0.02829602351865604,0.02365921925124838
6288,0.02780490092967688,0.022931515701633404
6289,0.02775310849251196,0.023187059433362557
6290,0.028534593260036902,0.02318269003027568
6291,0.02895416738544879,0.023430894708408864
6292,0.029547602559616994,0.023907260232866847
6293,0.029874513649596424,0.024465915163302317
6294,0.029185646325437707,0.024213342398050154
6295,0.028714553656632058,0.024145701452638425
6296,0.029033273301623103,0.02408790968703524
6297,0.029291379450497236,0.024392655827218473
6298,0.030043928218291462,0.024434089339998088
6299,0.02915605881791527,0.023382303175999607
6300,0.029385890437885403,0.0236104620248231
6301,0.028762820432901112,0.02345248595733365
6302,0.027681395688150666,0.022624386896200093
6303,0.026588642083972262,0.02211421765576714
6304,0.027077211506799752,0.02210558388053938
6305,0.026992297549644714,0.02188589042486955
6306,0.025576104001997772,0.020685098141019757
6307,0.025156286907207524,0.021050416933250316
6308,0.027772029444425944,0.02145378142561303
6309,0.02859569292080159,0.021283105698601004
6310,0.02756155236651703,0.02006647369564047
6311,0.02748978688824016,0.02005318494324727
6312,0.025911882799510524,0.019159622033594916
6313,0.024805959316866195,0.01885726700114592
6314,0.025513385227183376,0.019655297519429973
6315,0.02636098051602513,0.020061123860405546
6316,0.027456833156727208,0.021053948467647177
6317,0.027393823860769478,0.021112407602167937
6318,0.026944945353120624,0.020157160084439463
6319,0.02701766936605893,0.020330007266126254
6320,0.026718093304320893,0.01967192822950717
6321,0.02687496495348169,0.01912357586009637
6322,0.027377197192388618,0.01894992968241211
6323,0.028372326936576615,0.019692588273556376
6324,0.02919641276619139,0.02055647625192709
6325,0.028072247177345973,0.02085967713698918
6326,0.029062832602863235,0.02203564748727351
6327,0.02929342895705646,0.02258030019300596
6328,0.029102868866996118,0.022243949156539176
6329,0.03054696581137693,0.023138088931402918
6330,0.029561970514690304,0.022545100520652284
6331,0.02911592336215157,0.022813701437277813
6332,0.02844181220117277,0.022411500922807227
6333,0.027377219517859278,0.02206847790086342
6334,0.028084385507641033,0.02255989739657258
6335,0.02886687860309759,0.022507689924228948
6336,0.029163022550174188,0.022470407596640204
6337,0.029910949791738285,0.022313475426852452
6338,0.03042821371175313,0.022492560138997957
6339,0.029663673430118286,0.021709986033689732
6340,0.02956659340477921,0.021725398388291232
6341,0.029595704135071885,0.021919762415823166
6342,0.029006990439161502,0.021595011447867817
6343,0.029132426530808334,0.021818205434276296
6344,0.029170623671597225,0.02225287476305821
6345,0.029932030841717718,0.022840776580835206
6346,0.02992402635786275,0.022748276593343286
6347,0.029528992885782826,0.02223154994170608
6348,0.030054593622816393,0.02201759757224149
6349,0.029264135701166035,0.021821612147308322
6350,0.029004029002419673,0.021303668622010656
6351,0.028133849399666806,0.02146118783133625
6352,0.029105596504794468,0.022728703132044895
6353,0.02869861241791826,0.022913808874140417
6354,0.029094242583331365,0.023741343819894324
6355,0.029475429777521843,0.02429534951338317
6356,0.03193531969287358,0.024320964480812057
6357,0.034192799713915346,0.025213413697935554
6358,0.03503109414750537,0.02549541199109837
6359,0.03517904448030959,0.02556926550626592
6360,0.0344203197860022,0.02516589841336205
6361,0.034185397841596174,0.024761171613080758
6362,0.03365779122454427,0.024228303187633634
6363,0.03344487095696307,0.024022534188172046
6364,0.03329845756332993,0.023633079039489902
6365,0.03286071854456283,0.02330556583229772
6366,0.03331725062315179,0.023525258271869503
6367,0.033642792288271266,0.023647128075564308
6368,0.03430640270794248,0.02398196601237315
6369,0.03350215923536027,0.023917480578652586
6370,0.03363400376053827,0.02402592220296888
6371,0.03370440337314115,0.024331469276446024
6372,0.03381271147992837,0.02425966466375007
6373,0.03385848785171303,0.024217679093735824
6374,0.03391378549073081,0.02435282764964226
6375,0.0340181601060616,0.02451381225587124
6376,0.03376897438214652,0.023981117826788738
6377,0.0339451327964439,0.024464044697469014
6378,0.033904563047884806,0.024275200389769956
6379,0.034461609933284454,0.024561350843280046
6380,0.03338210333642314,0.023774244335177438
6381,0.033007818925435334,0.02361176379751634
6382,0.032374445495488756,0.02321427766750534
6383,0.033274681353543084,0.023965853773979806
6384,0.0331371575596981,0.024067675387419565
6385,0.033694812831326804,0.0240977552301566
6386,0.033662108991958505,0.024030718369189047
6387,0.03441606357606236,0.02436420772820284
6388,0.03406649696183512,0.024203111174320308
6389,0.03430733894775347,0.023967833591948092
6390,0.0344171116625449,0.024231930471624037
6391,0.033774169376717976,0.023934389807061054
6392,0.03388641325075539,0.02421803098769621
6393,0.034623498663791705,0.024548589219586563
6394,0.034374927443673896,0.024799571023220904
6395,0.03449506051289502,0.02469897792862463
6396,0.03397857833125967,0.02443924243808716
6397,0.03323855901892403,0.02399481298602702
6398,0.032770620379888205,0.0231453861999709
6399,0.03229070679733631,0.023067885121507408
6400,0.031633547534909934,0.0232139774414812
6401,0.03168013659582703,0.02375484716920682
6402,0.030442005489945582,0.023806556232456737
6403,0.02970772244015192,0.02421773737415778
6404,0.030018637058766416,0.024268530117217583
6405,0.031506794028306924,0.024196277134264872
6406,0.03308915822452522,0.02431532110849092
6407,0.03434978002348795,0.02503800361227568
6408,0.033711978713345116,0.024663254051308234
6409,0.03376884442482488,0.024497263248031337
6410,0.03345039889156236,0.02440671584799694
6411,0.032833844735472156,0.024469605616888792
6412,0.032895460373622495,0.02434141122315298
6413,0.032889270869177055,0.024191740393413156
6414,0.033005730824186875,0.024754338751819743
6415,0.0339592035152087,0.02517595682815631
6416,0.033669102520379066,0.025061873735985764
6417,0.034227082252787026,0.025192424918854192
6418,0.033591171417289796,0.024760011986381055
6419,0.03346307603861882,0.024332368347788826
6420,0.033129712956619206,0.024291456532335966
6421,0.03365343676058951,0.024434830223204237
6422,0.033293494894039564,0.024270006552519537
6423,0.032896738986756366,0.02377355536478203
6424,0.033212197083858495,0.024137603809942367
6425,0.03307636939194064,0.024114653895544985
6426,0.033331614666037505,0.024360005164374646
6427,0.0330206046504864,0.024206663133485098
6428,0.032437284443352636,0.023674281954387522
6429,0.03155187845149101,0.02305848391050872
6430,0.03093668930441512,0.022613419056572423
6431,0.030737479722106865,0.02273584275280896
6432,0.030907253034462654,0.02311372722423659
6433,0.030737317922891447,0.023271290818290696
6434,0.030899288542399178,0.02317473198343006
6435,0.0316167210426107,0.023332911155431922
6436,0.0316421785595921,0.023557125974522895
6437,0.032401966255065924,0.024194670495620546
6438,0.033448830544377736,0.02469992485056125
6439,0.033062322483336584,0.02424598218936257
6440,0.032882877469489924,0.023797099917503242
6441,0.03320932706529887,0.024106908461742568
6442,0.033166669426158576,0.02480251261405649
6443,0.0333318467764632,0.024679254844852175
6444,0.032649449697598726,0.02438659772735775
6445,0.033389544796276316,0.02479776340580541
6446,0.03229974935464123,0.02470050347562964
6447,0.031194437856056828,0.02461334624546632
6448,0.030959178723567245,0.02541126633164292
6449,0.031001694543435543,0.02533944075722236
6450,0.029891090399365095,0.02549369422580181
6451,0.027476685188465657,0.024929110767476483
6452,0.025734021797847242,0.024363614306938224
6453,0.02519887890038801,0.024050469455889612
6454,0.025019670885792298,0.023854448652350587
6455,0.024876772371757457,0.024363955278441568
6456,0.025408314093220186,0.025159494298422996
6457,0.02598960000809248,0.024737378788179876
6458,0.025870651401460904,0.024607432829706316
6459,0.025920627588922687,0.024273948324394563
6460,0.025790665500809457,0.024109363239579504
6461,0.02676313101526312,0.023890737473045185
6462,0.028449483276650898,0.02386070788606742
6463,0.03089632619209263,0.02393065110358191
6464,0.03191591771546835,0.024417042312803186
6465,0.03237277170771747,0.024419141060308645
6466,0.032501346688493596,0.024397766494213675
6467,0.03217241646093565,0.024092359561598803
6468,0.03164184412103539,0.023587339349159228
6469,0.032255888374079264,0.023711414311965485
6470,0.03297892524387289,0.023890845916564964
6471,0.03219859438742342,0.023610078902053782
6472,0.032003363406363027,0.02390441314095541
6473,0.0314844278393531,0.023356748763813967
6474,0.030494941215742342,0.022608906153545848
6475,0.02941127817131241,0.022437232228669238
6476,0.028756415171111573,0.022866342095246944
6477,0.02733850005074276,0.023270917644182276
6478,0.026823809631498,0.0233634640343341
6479,0.026311484658505593,0.023390137363497224
6480,0.0264348900378837,0.023508718368735422
6481,0.026797636382336655,0.023382576362812574
6482,0.026722976069208967,0.02322241874170291
6483,0.027073368620583797,0.022861975363367294
6484,0.0279004678126816,0.02306486362212805
6485,0.02930824753015087,0.023253279133493947
6486,0.03077163344965176,0.02316515474375816
6487,0.031664217378655574,0.02352391682297427
6488,0.03270915756697512,0.0239494564418763
6489,0.032281482387853735,0.023411205068345414
6490,0.03324992463744417,0.02378953962185254
6491,0.033418746091569536,0.02366496868462576
6492,0.03379674513073732,0.024237773380124377
6493,0.03338558746985008,0.023981184196222433
6494,0.03326511974102517,0.023961656979381865
6495,0.0325950421372271,0.02350742659798765
6496,0.03226350136168857,0.02376819557325564
6497,0.03124073340811547,0.023592191445912465
6498,0.029699087225054842,0.0235382542622443
6499,0.027020870234253928,0.023104669108226384
6500,0.025399739920096327,0.022130241549800363
6501,0.024141342781962418,0.02096475659993105
6502,0.022777383592334405,0.020873219596002076
6503,0.021607600813871804,0.02005007153991087
6504,0.020151625756099075,0.01931757221001052
6505,0.019966280077274842,0.019061677911720216
6506,0.019198489231913664,0.017419683981695775
6507,0.018996629481357642,0.017348167022153128
6508,0.01965613771218105,0.018702612098830063
6509,0.02014488062792089,0.018932910218112373
6510,0.021255893617335427,0.01995642265298931
6511,0.021983761560790606,0.02018536395155511
6512,0.021412586483014282,0.01964946460232532
6513,0.02215716457474589,0.01932889685361124
6514,0.02292223001165959,0.019299025164141448
6515,0.025332342938031282,0.019593029487361434
6516,0.02657700181499508,0.01920899165353799
6517,0.027770373368341414,0.01929703849934889
6518,0.029037769800491574,0.019686668620191146
6519,0.029782908170068453,0.02052645471525388
6520,0.02990804467160245,0.02002917321844034
6521,0.02905086845560761,0.019719404490486633
6522,0.027957768920238525,0.019304807103015523
6523,0.02850886013922698,0.019625647016108746
6524,0.02864351570907392,0.018996544065002206
6525,0.029980696670247678,0.019497391520579773
6526,0.028251802105356032,0.01861222730537058
6527,0.02876738103287073,0.018951586881819277
6528,0.0288494323524075,0.019176650009856175
6529,0.02834061033913767,0.019153089023826415
6530,0.028087465403171245,0.019273379519119522
6531,0.02823191507611544,0.019807276945356278
6532,0.028619688392531904,0.01991958404037186
6533,0.028162193672414536,0.019778765077813534
6534,0.027761223236739612,0.019827622242876684
6535,0.028481339599298883,0.02017135451355033
6536,0.028260986541336856,0.0200090382039225
6537,0.02878406956488111,0.020147891698625634
6538,0.028861332331535514,0.02018049358493507
6539,0.02858567163562576,0.020183002725285077
6540,0.028904311463550453,0.02040740427259196
6541,0.028208735935079644,0.020302307129434073
6542,0.027581911111519836,0.019845358355827993
6543,0.026396083886074253,0.01974486611788615
6544,0.026695430205030554,0.020385199734652557
6545,0.025996083559828843,0.02069841078999568
6546,0.02439923919256284,0.02047045150537092
6547,0.0222903784030952,0.020274514079087366
6548,0.02213925493709499,0.020876833622886334
6549,0.022043814488586985,0.020429268391103143
6550,0.022554169593730095,0.020561003036937624
6551,0.02239741984753413,0.020396590471000658
6552,0.023309171921945593,0.02023739456784408
6553,0.025733052180291933,0.020632484823076
6554,0.026560648872084716,0.020249189416153193
6555,0.02763632779922817,0.0198948114923521
6556,0.027434626902495245,0.01919530158992761
6557,0.02772643626615201,0.019105255894827863
6558,0.027990858981951555,0.01908096046674133
6559,0.027511768020734663,0.018505692620921256
6560,0.028219444511911353,0.019212506119934674
6561,0.029100795672948553,0.02022909384426654
6562,0.028653920263895804,0.020077415407442248
6563,0.028387791683807832,0.019816617870574288
6564,0.028177218358481252,0.019714335750066047
6565,0.02809560695951715,0.01980941385452771
6566,0.027524452879394194,0.019491727709710662
6567,0.027831844150706636,0.019922590495228366
6568,0.02962789410550526,0.02045549902339032
6569,0.02980221896777061,0.020598000009228384
6570,0.02942761638303618,0.02080446869196689
6571,0.0297872499581387,0.021182957065715772
6572,0.030128758142448885,0.021423454575050002
6573,0.02919353519532946,0.02107330047228497
6574,0.02898595207236287,0.02100313677224226
6575,0.028684130240776068,0.02113872244974428
6576,0.02921597344310844,0.021363135186396938
6577,0.02909369400198337,0.02114767565377889
6578,0.031019761778441738,0.022003852149575745
6579,0.031567626738690256,0.022483686144186086
6580,0.03234012022902749,0.022184851710647404
6581,0.032210546488693884,0.0221837961077729
6582,0.03224388121055718,0.022252545402608584
6583,0.03200843557457445,0.022111197948389186
6584,0.03172746330177867,0.021950020614640176
6585,0.03148298324841724,0.022036158746326497
6586,0.031115027628138812,0.02255843362531687
6587,0.03053425813845904,0.022039892438614032
6588,0.03011805715230545,0.02181229039003477
6589,0.02964369597470882,0.020938158833295365
6590,0.030026687871352566,0.0214667305297078
6591,0.029119387184215927,0.021511247101477143
6592,0.029078440780274387,0.021253140872120425
6593,0.02878613236415044,0.02165179630229305
6594,0.028502809498951686,0.021411093149144387
6595,0.028068562112425224,0.021284750330302436
6596,0.028691276929388537,0.02114738192928445
6597,0.029219548788311848,0.021114338519473683
6598,0.028284619069878003,0.020726992472462385
6599,0.026892126235158586,0.019755606153057853
6600,0.02613945039193242,0.019510746096182894
6601,0.02659730125625353,0.0199301299110004
6602,0.026728876188924177,0.01975286511489382
6603,0.0269367475095834,0.01976432356950797
6604,0.027030762256845378,0.019389873259695177
6605,0.02727475537866625,0.019817624681531948
6606,0.027481263915478185,0.019617058623948875
6607,0.027411217547231824,0.019919098272237996
6608,0.026533551593855648,0.018492424001219063
6609,0.026390907325003543,0.018341484142527852
6610,0.02785970996271768,0.019202997410448504
6611,0.029050706919720542,0.01938034192437182
6612,0.029918575945109112,0.019501820714135136
6613,0.02955827456154715,0.019542680268776
6614,0.029886073400532693,0.01992622996033018
6615,0.02924194925251594,0.02003762184227626
6616,0.02901925093428969,0.02009235699661037
6617,0.02937889617033478,0.02071813957233152
6618,0.029747543132594048,0.02112392727416449
6619,0.028882325597406798,0.020782720708779557
6620,0.02863313063116465,0.021040110476849557
6621,0.02942676034455707,0.021195161870234545
6622,0.029575313797999207,0.02169349516879962
6623,0.02938773102392059,0.021375220295924726
6624,0.02889093246632417,0.021003212319069126
6625,0.029187176174655084,0.020977645449635582
6626,0.028848210255347596,0.020959842819856404
6627,0.028618840313643083,0.021063265299069867
6628,0.029075825983003442,0.02130856903824211
6629,0.028960355634186082,0.02108060032263108
6630,0.028226954578540055,0.020408643463028227
6631,0.028376948256702932,0.02088351599691821
6632,0.02810939017951793,0.02054428508762959
6633,0.028361403766893042,0.020801386944735795
6634,0.02816472594878712,0.020702323055734613
6635,0.028548913770852835,0.0209632100008583
6636,0.028279607788831224,0.021141136864547348
6637,0.028775083473639964,0.02131534626887869
6638,0.028757960318477944,0.021714138551849643
6639,0.02745562654060578,0.021047812157079106
6640,0.026279729485664663,0.02075409103134509
6641,0.025465951339124302,0.020849014213342912
6642,0.024709443395893788,0.020960092525243168
6643,0.02372026936459646,0.02141180917772203
6644,0.025137115743427203,0.02163830659921196
6645,0.02623066028089892,0.021627891361204826
6646,0.028632372991156053,0.021931101510897746
6647,0.029595718976130805,0.02207003314126295
6648,0.028380074048324055,0.021998756353825182
6649,0.026647705061520366,0.02154770294128728
6650,0.024489674987267177,0.02128992471304613
6651,0.022971446753166726,0.02202389640681702
6652,0.020921417815908665,0.022021072440315377
6653,0.02026991343786957,0.022475434395508472
6654,0.020796059973304536,0.023303569905527895
6655,0.020706881784214374,0.02292066725885804
6656,0.02245989623340608,0.023297704515737705
6657,0.02437339011378514,0.024222212152145095
6658,0.025368692425863912,0.02413123014195423
6659,0.026675014941958536,0.0240364246144408
6660,0.029989091005459528,0.024476553878806803
6661,0.03171904706562873,0.024501000882196807
6662,0.03341116494743141,0.02470707996044939
6663,0.0334135938186316,0.02469192283615855
6664,0.03380617744530366,0.025023558097488647
6665,0.033777490340580814,0.025520233092994744
6666,0.0336355214976501,0.024819858647892296
6667,0.033905740875195524,0.02518374566537037
6668,0.03378928470862553,0.02512719183128724
6669,0.03334481818526809,0.024925428333727982
6670,0.03393353221382085,0.025768799393656765
6671,0.03384475231556592,0.025460689678296244
6672,0.034270179005053254,0.025541962639167182
6673,0.03387235127621267,0.025233771476597094
6674,0.03350125025119207,0.025157100550683993
6675,0.03344850215356646,0.025019931355201357
6676,0.033575012025085636,0.024756204342660144
6677,0.03221423486069091,0.024071024825763156
6678,0.03245882116249463,0.024348335113378663
6679,0.031976158940951016,0.02466852028589138
6680,0.03274049629198354,0.024867631641265965
6681,0.0325194766512748,0.024589293264260206
6682,0.032169800467775594,0.024356817026622714
6683,0.033151159456338654,0.025340051542829513
6684,0.03311743034958404,0.025037203699667186
6685,0.033605596075912424,0.0251768049807948
6686,0.033572170808107746,0.025351756135432786
6687,0.033344304307544,0.02560449848653045
6688,0.03476550634766268,0.026275166610046894
6689,0.03343911739237896,0.026151876774922377
6690,0.03311230374618928,0.02643810562736841
6691,0.0331264582451293,0.02618371854428184
6692,0.03379535661049583,0.02564104766918938
6693,0.03331148374793591,0.02503247454958044
6694,0.03325046413808208,0.024496078984496655
6695,0.03326393268296252,0.024615180137908685
6696,0.03194528035446604,0.023354166851823836
6697,0.031203791402179028,0.02324627655390284
6698,0.03133867802080602,0.022757761912851684
6699,0.03148643079672567,0.02322781619276125
6700,0.03133560388441245,0.023037536978554714
6701,0.03175068439656159,0.02344199874491212
6702,0.0322092288602582,0.023691698549995612
6703,0.03234781017343096,0.023850695302100103
6704,0.033596519430636816,0.024624131194852624
6705,0.03318357250228501,0.02460423961259056
6706,0.0336978539295918,0.024642123230856423
6707,0.033771166199138045,0.024665298885426897
6708,0.03311887359425966,0.02430000481975494
6709,0.03308070614178406,0.02443409250832833
6710,0.033655918849994367,0.024759785735328808
6711,0.03430247424621021,0.024733406604699252
6712,0.0343842640572008,0.02500863932384918
6713,0.03364275735792076,0.02436963149833798
6714,0.0326316792827084,0.023701021326153426
6715,0.032707155209554646,0.02366834420695264
6716,0.03246955802853621,0.02378816004848592
6717,0.03363011042774597,0.024819280524353934
6718,0.03233869798259969,0.023767059914440423
6719,0.031616135242436665,0.023258975258174303
6720,0.031984713607746365,0.023544020303195686
6721,0.03280676353585073,0.024721364208652348
6722,0.03315459294689965,0.024413478504063713
6723,0.033664773074448186,0.025363405952027636
6724,0.03402338553313694,0.025172737115745157
6725,0.03433280457777108,0.02547465178306093
6726,0.034458128569123586,0.025569490801852716
6727,0.03400171119908809,0.02513074561831368
6728,0.03426668292284065,0.02527006961112105
6729,0.03423727997867039,0.02540294577396653
6730,0.03394445120635219,0.024245286413233105
6731,0.03452406457949072,0.02519109474713745
6732,0.034499424148685155,0.025432495166199186
6733,0.0336175539229094,0.024705103900292832
6734,0.03377995286458238,0.02511568223999528
6735,0.034341291169549364,0.025602205425138715
6736,0.03475188413867866,0.025890986851213018
6737,0.033805617543358334,0.025379378958470918
6738,0.032858492947729245,0.02537759487089664
6739,0.03288388646718898,0.025782114221658554
6740,0.033135435695526835,0.025224649458019468
6741,0.03371242497989148,0.0251781448735277
6742,0.033390686237005134,0.02473484945456106
6743,0.032690406754883335,0.02431524037648231
6744,0.031613072941892605,0.02361554496506912
6745,0.033075245295789354,0.024509136077812146
6746,0.03306965844820261,0.024873514904230336
6747,0.031830302855422474,0.024074097609213876
6748,0.031514889959499665,0.024017192245871264
6749,0.031890023509735924,0.02408186577997063
6750,0.032132169066352745,0.02423501233615729
6751,0.03228495757536047,0.024375839404532484
6752,0.03225688001167489,0.02421611259104839
6753,0.032941393630618314,0.024445274458438266
6754,0.03317740686479377,0.02497515826235521
6755,0.0337972412902246,0.025088278926473768
6756,0.0338430452471355,0.025305485996638826
6757,0.03481144190301181,0.026056769643367488
6758,0.034201598491232194,0.02544930212327786
6759,0.03336391877360784,0.025052948637709405
6760,0.03282319525040182,0.024500595054342274
6761,0.032626697207883054,0.02433894875936023
6762,0.032728513877934004,0.02429761333970344
6763,0.032912542264567524,0.02398085768516204
6764,0.03212245891050107,0.023727089267128035
6765,0.03200570974132345,0.023602262566316895
6766,0.03305472590508175,0.024603093686786186
6767,0.03311349217043034,0.024226545256754897
6768,0.032522357756174784,0.024126473274423386
6769,0.03224989508064289,0.02421122112437196
6770,0.03123373321284855,0.023876559171855983
6771,0.029609047186485778,0.023495675132763547
6772,0.029558575829705697,0.023232258676961333
6773,0.02946724807261391,0.022939215856285694
6774,0.02912181574111911,0.02297644469739258
6775,0.029832893648418474,0.02377928642940926
6776,0.030856590532245733,0.024259952248572896
6777,0.03142632074959002,0.024660305391046897
6778,0.03152354986963297,0.024667999690389696
6779,0.03128013950453188,0.024435949596335365
6780,0.03183921564598369,0.024703669663456034
6781,0.031292305338533895,0.024418095121895928
6782,0.03136531426615228,0.024784019678500923
6783,0.03084166445898912,0.02453712276596563
6784,0.03161828931650748,0.024470137009153903
6785,0.031504603950640135,0.02484078346946852
6786,0.029173655874442508,0.0241318938496849
6787,0.02913579459056905,0.024316898734474023
6788,0.0299103993582611,0.024012306778317685
6789,0.029934264132380862,0.024207147454567417
6790,0.029562749296806877,0.02336196596076029
6791,0.02876128969218677,0.023084571732557627
6792,0.03003600410314185,0.023734847659930593
6793,0.029926556757973365,0.023441964086236555
6794,0.03012098363034315,0.023478242504194648
6795,0.03012968307567079,0.02389851147373873
6796,0.029975776705610066,0.023592199411680444
6797,0.030461914462449283,0.023843546417861253
6798,0.030641334237470945,0.023768300821536886
6799,0.030094701736326467,0.023643998373268537
6800,0.030351477011826004,0.02414244388783154
6801,0.030371046046120426,0.02378384790069349
6802,0.030874012799901752,0.024429150206662295
6803,0.03150071899160192,0.025240327941287888
6804,0.030884788499047515,0.024813463821556185
6805,0.030524214525342316,0.024905643810956318
6806,0.03008734592826532,0.024590471443936057
6807,0.02956718975249391,0.02409989784267713
6808,0.029480060052880067,0.023790125848689784
6809,0.029088002154554773,0.023630546519767117
6810,0.02894429219079955,0.02385754068491533
6811,0.028765249072305585,0.023059671826941065
6812,0.029494458225356724,0.023364424936572478
6813,0.02935972545914625,0.023243932292488924
6814,0.030065232152218197,0.023569404280446158
6815,0.02985028300910436,0.023473389399331523
6816,0.02968910172789615,0.02369685578162042
6817,0.029730081155508726,0.02356401607346218
6818,0.029575767515304947,0.02360171465373671
6819,0.029329010412053644,0.023453451051242837
6820,0.029938134278959392,0.024167428235331443
6821,0.029904586468094227,0.024401262508006758
6822,0.0289655332515036,0.023988694878553606
6823,0.029254906259097282,0.02414820595885656
6824,0.029038757290961736,0.02399088960043919
6825,0.028769455629357503,0.023760479628875612
6826,0.028738529832608634,0.023985283017281638
6827,0.028804970747021326,0.023758817927892282
6828,0.029499405801185343,0.024173328465202464
6829,0.02927787623796917,0.024380105354761854
6830,0.029031911010704185,0.02393487528894726
6831,0.029095423834133032,0.023682117687105386
6832,0.028643985198501816,0.02308009382877754
6833,0.0274881921604697,0.02322228836939494
6834,0.025587989622650766,0.022844334180179445
6835,0.02448658736677715,0.023114171545057047
6836,0.024386388512951912,0.022278077157460562
6837,0.0248336433189148,0.02275596321719894
6838,0.026620211930992857,0.022519452859298576
6839,0.02866178130929231,0.022423719206611098
6840,0.029738432860271374,0.02275077345383588
6841,0.02881195729811009,0.022156593778097634
6842,0.029888546028173223,0.022647786412824344
6843,0.029946277938811806,0.02301048168899103
6844,0.02992266499927037,0.02308454872626441
6845,0.029655936653407666,0.023076176979737646
6846,0.02983509905789246,0.022789748044204
6847,0.02867666846031693,0.02258925682248411
6848,0.029300797569390212,0.02266218634612757
6849,0.029392916109761906,0.022646205224096577
6850,0.02952406012538055,0.022899755010941537
6851,0.029182940783475112,0.022306817545255604
6852,0.0296870256669909,0.02217260559877821
6853,0.03013502761498892,0.022263608666165027
6854,0.029438712887717662,0.021897863436469878
6855,0.03018204660612161,0.0224863088635401
6856,0.03018221966849835,0.02258628160009937
6857,0.029921420124178248,0.022708999666200474
6858,0.029699986157753606,0.022655819036088914
6859,0.029446122614166525,0.022765023517094692
6860,0.02892588032119042,0.02276983300252601
6861,0.028854265081712082,0.022447901752253526
6862,0.028360462104053068,0.02216444976982156
6863,0.029857403057801025,0.022420427103593557
6864,0.029792516726801017,0.02216087029939881
6865,0.029975910911989465,0.022370437185612147
6866,0.029745313795439963,0.02210442024124411
6867,0.02986646751578038,0.022078395254779296
6868,0.029625868826482722,0.022269289713089
6869,0.029628963445836792,0.02210683454660802
6870,0.028999836442184103,0.022043461272987782
6871,0.028979813366407998,0.02159386074943099
6872,0.028906582723414554,0.02224232112178266
6873,0.02879120719892238,0.022014410136653534
6874,0.02922915492902354,0.021912930861982136
6875,0.029566569429889902,0.02200640432797159
6876,0.029889220551250345,0.022220771340195795
6877,0.029552682958642357,0.021860176785564834
6878,0.02980986844938177,0.022198426726334552
6879,0.02880982333648894,0.021660170380973873
6880,0.028614584648276712,0.022187203405735673
6881,0.02817533449410238,0.022075187700256696
6882,0.027227166429012448,0.021607511005188967
6883,0.027996774980140283,0.022447834255674322
6884,0.030011110744146027,0.022695183618803835
6885,0.032800263331433877,0.022963007541131442
6886,0.03299523426498455,0.02240111045900824
6887,0.033066371827939395,0.022952423613445034
6888,0.03354074887810534,0.02289734226959919
6889,0.032925228434035184,0.022920273146074758
6890,0.03224456176469346,0.02318955783311248
6891,0.03082096973536009,0.0221242438949052
6892,0.028999230365067765,0.02171033564731955
6893,0.028499856267998266,0.021319715935512223
6894,0.028255312375368737,0.021887517910253652
6895,0.02796433291762024,0.021504084267937686
6896,0.027329541335490336,0.02154668063973766
6897,0.02660755117754393,0.02107575182770363
6898,0.027121727772455365,0.02080200735827969
6899,0.026666221251885572,0.020563835246742705
6900,0.025738078302534623,0.020033199413798934
6901,0.025630719929408696,0.019520950649890838
6902,0.025421708360281632,0.020159899880589575
6903,0.023888300260072923,0.02022723154467582
6904,0.023343116819283066,0.020673602880258393
6905,0.02342427326626369,0.02122598148307933
6906,0.023932968365667946,0.02127497860597964
6907,0.02311182072110798,0.021073284127790328
6908,0.022258577128840665,0.020815453272512146
6909,0.021756736174401093,0.02049834015268831
6910,0.022372342329553842,0.02035334150530347
6911,0.02451939601457546,0.02048343946938516
6912,0.02622356451111921,0.020807275127962523
6913,0.026365628468948396,0.021457604535681043
6914,0.026370200885303462,0.02100099511667801
6915,0.026647504945951025,0.021247346555248504
6916,0.026790728488359002,0.02127512985562306
6917,0.026363020782842875,0.021017133242049544
6918,0.026355124180894893,0.021364851328656766
6919,0.026436029711617893,0.0211868588656517
6920,0.026441076705904523,0.021042586485395923
6921,0.026481783882987966,0.02097772673072996
6922,0.02561980138492039,0.02039075448824446
6923,0.024693170491345128,0.02034660669587381
6924,0.024694927209089258,0.020493295261435226
6925,0.025756325075837336,0.02092481456399034
6926,0.026034051263703003,0.020592046573552132
6927,0.025213069699150496,0.02027578716237193
6928,0.024644208432182194,0.020316667942331352
6929,0.02414207157257298,0.020677640927552456
6930,0.02184834222348202,0.021316910292651207
6931,0.020264141992531317,0.021351738222746542
6932,0.019166454084921226,0.021293056696879017
6933,0.0184937474049432,0.021044061438043545
6934,0.01829673935204248,0.021393213694315825
6935,0.01840274480896568,0.021489404683542605
6936,0.0176806037948044,0.021294931103970086
6937,0.018141082486185466,0.02100501565890144
6938,0.01750120867079043,0.020734392866234217
6939,0.01791921399005426,0.02097372199198638
6940,0.018143819106317346,0.02063072354203298
6941,0.01773249405519484,0.02015816020082367
6942,0.01709583348714612,0.020037615208129304
6943,0.01673514016742145,0.019654317142907295
6944,0.016361162082555926,0.01973584637057616
6945,0.0165953307162624,0.020016506174454943
6946,0.016679092999721246,0.020332106762432262
6947,0.01775683613227614,0.020632385965506105
6948,0.01891674035938388,0.021107086934066873
6949,0.019754567001773488,0.02121709544983639
6950,0.02135423745525649,0.021952984944232652
6951,0.024366026056711357,0.022692862863512474
6952,0.02643279608629992,0.023061555617738906
6953,0.027809810742395958,0.023502011603414183
6954,0.027148294014042597,0.02381203331911565
6955,0.025505931619421426,0.024083935816748493
6956,0.024838268943415405,0.023569741546579443
6957,0.025277235493682854,0.023800576155882935
6958,0.026497174128509604,0.02383462465266374
6959,0.028102360161768463,0.023977907936130922
6960,0.030198184153337266,0.02411462561089517
6961,0.031074070855310477,0.02391023943519089
6962,0.031429314213776906,0.024276509315172994
6963,0.031044938315410324,0.024017926422771178
6964,0.030909363612221824,0.024291785067109196
6965,0.03038116336235268,0.024143469851256795
6966,0.030022193883526383,0.023663497279315517
6967,0.029475676884083566,0.023043071500443338
6968,0.030653204388010283,0.023368831583460727
6969,0.031795199382330414,0.023647945211138634
6970,0.031639936517309376,0.02383810221917333
6971,0.03049354642903058,0.023772198136366187
6972,0.03212097908704986,0.024293190309710652
6973,0.030972882084860546,0.024418795564004232
6974,0.0303706791612487,0.024288537502542114
6975,0.03022485588405017,0.024403121749817003
6976,0.030844227332436223,0.024500564703015808
6977,0.03112499799700718,0.024493541396351553
6978,0.031081318332788616,0.024534066976141557
6979,0.030937396392929688,0.024818010319608404
6980,0.03233903540184274,0.025104539419086518
6981,0.03163167697552099,0.025256051733071654
6982,0.031598782334551385,0.0254659291956336
6983,0.030577945314398097,0.025133963549379718
6984,0.030372666153379593,0.025379509892514203
6985,0.029618860504516367,0.024938311451116125
6986,0.030457370729213045,0.02470377974323874
6987,0.030897079565495564,0.02475842315613975
6988,0.031192726847867815,0.02499049332718654
6989,0.031157143781858684,0.024897522080416165
6990,0.03092167065402609,0.024482245612299544
6991,0.031041879407153857,0.024547436556591803
6992,0.03058820911869746,0.02481038831405904
6993,0.030852850121776475,0.02489604021435167
6994,0.031417756080158066,0.024898079841430762
6995,0.031041476422265617,0.024573077362589655
6996,0.03167158854464149,0.02494323681497601
6997,0.03157911485101728,0.025096393364924495
6998,0.031714419185551276,0.025352250414548985
6999,0.03083253880759957,0.02453009366817966
7000,0.030754917306569107,0.024342973104857717
7001,0.030779227016306258,0.024330917371319673
7002,0.029597948665482796,0.024052247018307084
7003,0.029770999638328695,0.02326261655314993
7004,0.02972425955523434,0.023148236769817747
7005,0.03009425468645891,0.023483954957848423
7006,0.03044105031005619,0.023597940060583033
7007,0.030128485221116164,0.023850173541675457
7008,0.030736821189858102,0.02364000609078188
7009,0.03023844175222264,0.02334482509672488
7010,0.03048434763671234,0.023719697916372195
7011,0.03082509705698679,0.02373380247916582
7012,0.02987399558512852,0.023006235980802984
7013,0.02916278500400225,0.022656497641490976
7014,0.02947970581787891,0.022964901913604428
7015,0.029292059182743874,0.022509623459126958
7016,0.029666187178701453,0.022539504245488406
7017,0.02968339451397414,0.02228939521338847
7018,0.030082812343195296,0.0226191529509146
7019,0.02918626386448806,0.021573905436933504
7020,0.02833369964222747,0.02146086842549485
7021,0.028513571953151982,0.021420662473068355
7022,0.027022593970499404,0.02060584336006211
7023,0.027000053714215006,0.02050030911787877
7024,0.027242515034332785,0.021296491829869677
7025,0.0272485082367051,0.02187183048192467
7026,0.026252955737056268,0.022305097424587222
7027,0.02588630661289653,0.02291249339999477
7028,0.026537450167691167,0.022576250254502533
7029,0.027592472530606458,0.02235974015659897
7030,0.027645264928447964,0.02170408676024357
7031,0.027503166120928672,0.022008341168955944
7032,0.027043960612355235,0.0218062440442471
7033,0.02808479599781584,0.02150434972513991
7034,0.029580740772853043,0.021565222453697422
7035,0.029246450220976994,0.020859823644719076
7036,0.029744830995300106,0.021071761140291728
7037,0.029489286269090066,0.021217501165788705
7038,0.03094990114066369,0.022448185654754045
7039,0.030540461976134414,0.02279810943408658
7040,0.030722335355138214,0.023770136613916797
7041,0.030232504565919784,0.02346097192367918
7042,0.02977956578889404,0.022720231719976256
7043,0.02941579950929186,0.02274520920999242
7044,0.029586949023459742,0.02276827190467292
7045,0.030184112801630438,0.023324264328714886
7046,0.030561109622322637,0.023712750212354215
7047,0.029236827362160912,0.023385369885215303
7048,0.028662963853358713,0.023313929458181205
7049,0.029454071883129037,0.023240068819122602
7050,0.030185864923714265,0.023604429330851898
7051,0.030444456639897182,0.023650469214532618
7052,0.029886285270042893,0.023515728555399237
7053,0.029073075913374696,0.023587188922554434
7054,0.029279120397843465,0.023518104723100265
7055,0.029151861621671167,0.02304120129052649
7056,0.02970606733887837,0.02305099407884306
7057,0.0297654546169907,0.02291999928414714
7058,0.02997758043089085,0.023119158531311426
7059,0.0288168556822174,0.02249400999665018
7060,0.027533421189190242,0.021743266164156564
7061,0.026766171740682534,0.021231097199236337
7062,0.027725542746807302,0.021450679220967047
7063,0.02844931284578761,0.021537020786257927
7064,0.030461219009611046,0.02279750769148429
7065,0.03173288070090334,0.02347764510272758
7066,0.031220615163644234,0.023056036549070184
7067,0.0318599270521027,0.023367995683548658
7068,0.032191479139123264,0.023458960798475592
7069,0.032188546781369426,0.023887503851063047
7070,0.03182592416151457,0.023505366355993956
7071,0.03152801239389544,0.022966597340584524
7072,0.030969093546470563,0.022709594771669867
7073,0.030419824458295427,0.02219890315484932
7074,0.03021271384649875,0.022926808753818226
7075,0.03091349826348022,0.02369308244052575
7076,0.03191200694863756,0.023534278161987308
7077,0.030805311327437742,0.023267811957416416
7078,0.030598786161157698,0.023334353184894473
7079,0.030132844082622807,0.023181871156700087
7080,0.030224765876984524,0.023179852754836583
7081,0.030498354879730682,0.023394710112059763
7082,0.03063414822968294,0.023244910509427046
7083,0.029930166860907575,0.022585240079267436
7084,0.02939828688336762,0.0218567236501149
7085,0.030548132027064516,0.021902066220644556
7086,0.030713064136388475,0.022088743847075338
7087,0.030911163433647283,0.022123759953342145
7088,0.030929802820993734,0.022746884097855698
7089,0.03144147521784823,0.02241400989316398
7090,0.030774553658976595,0.02255605651658273
7091,0.03071148512936459,0.022674555520220057
7092,0.030478715857968942,0.022225051175862848
7093,0.028661550871648636,0.02167499378832535
7094,0.02834750436767686,0.022129331105368737
7095,0.028189210851928666,0.022337337398747374
7096,0.028796425536518764,0.02188198728167966
7097,0.028994607458660716,0.021912795984765514
7098,0.028776232861506372,0.022510881950447093
7099,0.029307446868622886,0.022667660323497308
7100,0.030785200166575516,0.023078234591734983
7101,0.03154148702107941,0.023833083340333343
7102,0.03130736027281745,0.02383214164215812
7103,0.030970212056078354,0.023919106784451586
7104,0.030993760176782233,0.023482962074068647
7105,0.03129628593939219,0.023721129628345543
7106,0.031080095629342608,0.023801142678327288
7107,0.0316355306473226,0.023941766745083495
7108,0.032146944472403814,0.023539231691070018
7109,0.03159276093939427,0.023185972763516503
7110,0.030697393639538537,0.022552135291215383
7111,0.030635808956650915,0.022849284961346705
7112,0.030102744753820496,0.022782706898963962
7113,0.029872167423772515,0.022730270675387694
7114,0.0284762181635939,0.02286392646589352
7115,0.027095710117455665,0.02256888662890352
7116,0.02689407967592764,0.023156584014430184
7117,0.026672596982469373,0.023128079011563673
7118,0.026226459901138355,0.02344151387334955
7119,0.02491063527227205,0.023165234295943894
7120,0.0247113869715435,0.023552641031230115
7121,0.024355872633069518,0.023366154370630686
7122,0.023457612390313506,0.023317317894254976
7123,0.024276103351136707,0.02372599473869839
7124,0.025753411641866526,0.023167603657324808
7125,0.02774779041816083,0.023054420941265964
7126,0.02916344752624487,0.023098971602544288
7127,0.029032006099366663,0.022594551404226088
7128,0.02870610937063387,0.021984989015030584
7129,0.028330351278637058,0.02199001857226672
7130,0.028154262966514625,0.021712030462306638
7131,0.028106056572805408,0.022076878232127246
7132,0.028186680010344054,0.021910807297858447
7133,0.028168149435871124,0.02206380456083927
7134,0.027858075416106746,0.021762387830479082
7135,0.02799903375359145,0.021687382030274763
7136,0.028651017345762017,0.022126333702528707
7137,0.02926626944898589,0.02273665155897812
7138,0.029207437749175065,0.022498288034701983
7139,0.02932730068979133,0.022474230178602384
7140,0.028783992395280525,0.0222857090165177
7141,0.028935812109062035,0.02230190792584994
7142,0.029111534359021446,0.02243466446389198
7143,0.028603719285604776,0.02210321608835917
7144,0.02848499338345489,0.02169888645802001
7145,0.028601646698922567,0.022156639989008162
7146,0.028409034407616596,0.02214778192275782
7147,0.027404394467230586,0.022042536999286325
7148,0.027444710255417545,0.021964835573106894
7149,0.02697871453570844,0.021585169492238383
7150,0.0270252831812277,0.021673440058592723
7151,0.027216935289286568,0.021524256785372453
7152,0.02769295041411521,0.021788545228547077
7153,0.028532543630088794,0.022270441773679664
7154,0.028617548676699175,0.021766915233259493
7155,0.029636182411093337,0.021934141150770217
7156,0.029131395720742886,0.02182520976511152
7157,0.02906682387010019,0.022504181768884007
7158,0.02909321023897951,0.0225467115486018
7159,0.029111230823530503,0.022454485781354862
7160,0.02875897877004256,0.022309168724152686
7161,0.028838431741700404,0.02281205593622713
7162,0.028721501197234114,0.022647952137385827
7163,0.029556419384115327,0.023223990271945823
7164,0.030134163088556827,0.023417542300827005
7165,0.02976026202902442,0.023240999685096162
7166,0.030258904674154978,0.02358557760836152
7167,0.03009523030213489,0.023611027645601877
7168,0.02950826085192905,0.023668337832833855
7169,0.029050588052631436,0.023323856851741688
7170,0.028549884334997028,0.0237249495450173
7171,0.028841651909476643,0.02399809401098251
7172,0.029833762146690375,0.024411422105699528
7173,0.029186714806932502,0.023965674127518412
7174,0.028305639077981837,0.023358907621923
7175,0.028193480002358023,0.023133037269293003
7176,0.02655976803946134,0.02278189053175621
7177,0.026460160768959618,0.02293217381807537
7178,0.026524193927494635,0.022785583684027413
7179,0.027323595617756918,0.023510028010956845
7180,0.028176038999823884,0.024301215328970723
7181,0.027872494301796027,0.023594756281683615
7182,0.027857702192079038,0.02340447575315185
7183,0.027943137496629265,0.023626906795709574
7184,0.0287608601979335,0.024580101273789328
7185,0.029118771910055748,0.024626471266158252
7186,0.028541527010907956,0.024112323833200507
7187,0.028849531975790575,0.023916388162451212
7188,0.02923727897844459,0.02391945396625103
7189,0.03000913981863874,0.023801278405043275
7190,0.030031155749264207,0.023894679448461395
7191,0.02907626303879119,0.023425752176754362
7192,0.02856661514373618,0.023078137779891005
7193,0.02793562289815618,0.023427993311988117
7194,0.027850065398415853,0.023393357951215756
7195,0.027945995010552897,0.023502974434393226
7196,0.029319585867569335,0.024187998768381156
7197,0.029494887202837303,0.024437917921515933
7198,0.029837598778766582,0.024964930666009567
7199,0.028691989596531905,0.024406115592483145
7200,0.028955340369782465,0.024314336937018437
7201,0.028975255803281585,0.024648465801077418
7202,0.029520939008884698,0.024744724108281824
7203,0.028502816937538353,0.024330708001890466
7204,0.02759489479160586,0.02341584533392759
7205,0.028000375975415066,0.023700319413758882
7206,0.028601386901552693,0.024333018363952807
7207,0.028306935271803668,0.024700495039284384
7208,0.02792393145327057,0.024549056571995926
7209,0.02762721512124345,0.023885002207312128
7210,0.02752803226975641,0.023684018350954964
7211,0.02804315880839881,0.023922469172647235
7212,0.028589569880782262,0.024223747242344034
7213,0.02856347562761917,0.024516998706196187
7214,0.02916129071389878,0.024787631201954076
7215,0.029165866731147436,0.025332968210750016
7216,0.02914758305885284,0.025362233894177216
7217,0.029545793063002777,0.025484047639113917
7218,0.029137545249473713,0.025547743270204114
7219,0.02947750162437669,0.02578489603599085
7220,0.029065106004753826,0.025601137411732706
7221,0.029186961182439068,0.025576665544857085
7222,0.02871669383520358,0.02484858566940964
7223,0.028469300799922062,0.024604874759970388
7224,0.02772655056861551,0.023885829262349178
7225,0.02783806388602948,0.024017123570871362
7226,0.027688496226582388,0.024105298483540583
7227,0.02769089361334348,0.023700101540160595
7228,0.02789726576142164,0.0238574888829374
7229,0.02765723730572825,0.02428326013483816
7230,0.028493093848485983,0.024856702012296627
7231,0.02840124942701563,0.024839240672273822
7232,0.028703875425133266,0.024916465933228944
7233,0.02800909784121729,0.02462139897936882
7234,0.027762465821153447,0.024240609412147212
7235,0.02771922356144527,0.024270824294973646
7236,0.027471634095902652,0.02410284597208364
7237,0.02804340326510511,0.024760738458365465
7238,0.028525241003426745,0.024916041714384884
7239,0.027852578113675485,0.025049674963266922
7240,0.02795736922527049,0.02502657458368169
7241,0.027385211803941843,0.024852209608170306
7242,0.026620991966369786,0.024659455740608207
7243,0.026389804929058125,0.024620897391046836
7244,0.0265357129877767,0.023749968118130283
7245,0.026126942717086366,0.022904474136149964
7246,0.026132249285082253,0.023204253202990077
7247,0.02533305879292061,0.023073993892992275
7248,0.02486757876526122,0.02259802048024614
7249,0.025884307776749122,0.022696062981946565
7250,0.026975547971367163,0.023010312721007897
7251,0.026508428842116443,0.02277530802982366
7252,0.026880617552672893,0.023813566511067308
7253,0.027355408680987167,0.024587074893361448
7254,0.02814174831470166,0.02514538614015797
7255,0.028570655778289943,0.024826678481333214
7256,0.028688294131819714,0.02518193373657551
7257,0.02829347557579787,0.025076561826965705
7258,0.029047239903192648,0.025792897542113506
7259,0.028365701136911503,0.02530378161460715
7260,0.02845355572565205,0.025006577955891417
7261,0.027945159768956132,0.024766524145292318
7262,0.028003299142922836,0.024820469383333408
7263,0.028264220954676858,0.02529508298547457
7264,0.028878112875947486,0.025603984165370648
7265,0.028637646117903745,0.025468864413423123
7266,0.02845088441632495,0.02556011021088261
7267,0.027975582330530765,0.024982632377625106
7268,0.027027739953780713,0.025218201370756397
7269,0.02642761474297054,0.024325693317677803
7270,0.025233710263781014,0.02401461797339901
7271,0.021856618379466376,0.023970891245538684
7272,0.02114601420273412,0.02592141816283644
7273,0.019678192878146736,0.02659957664635078
7274,0.020108861698714668,0.027208880055976787
7275,0.020310684036611883,0.0270638116361503
7276,0.02119443504587205,0.02760258190633448
7277,0.020554814347099555,0.027641135187848068
7278,0.02043162566982935,0.027694848607934006
7279,0.02074497626158896,0.027476290493306507
7280,0.019658384365746583,0.026604832040451803
7281,0.018423871671468556,0.026189037430592487
7282,0.019046859106060902,0.026615221588764875
7283,0.018558238681216612,0.026656965299382725
7284,0.019178996998062088,0.027246166216543664
7285,0.02002006033987897,0.027863161972459884
7286,0.019641939720116422,0.028245189914081138
7287,0.018936447806907446,0.027567418582095257
7288,0.019234033047851318,0.028310417296298532
7289,0.019680102261333758,0.029002271407009967
7290,0.01969683086066447,0.02915190853406196
7291,0.019286964224438586,0.028927056516682516
7292,0.019471566367433035,0.028788531690422607
7293,0.019273511976774238,0.028413099153309557
7294,0.019341816570498778,0.02853012150568438
7295,0.019880243597777104,0.02908873797208543
7296,0.01963179091797902,0.028769417509016522
7297,0.019373229457770782,0.029163327017746342
7298,0.018744527811008976,0.028510519943768752
7299,0.018859971916878167,0.028315589441339873
7300,0.01917448448906091,0.028234385263900378
7301,0.019389760812641654,0.0286582050082137
7302,0.020151580822986615,0.02874239012786445
7303,0.019912326647315712,0.029144099044630944
7304,0.02015453959417732,0.029734944545420427
7305,0.020629537730880592,0.02984435227502034
7306,0.02066804958837261,0.02954125691227902
7307,0.02095112861453492,0.02939248133624329
7308,0.021840326479724333,0.030044145567148996
7309,0.02156746345444583,0.029605658497646035
7310,0.021570676783351794,0.030151345783466572
7311,0.021665120511625606,0.030238612026678414
7312,0.021698325594705983,0.030431445051318902
7313,0.021519612408554135,0.030336273039651307
7314,0.021317995187875458,0.03045368455790344
7315,0.02104973225478907,0.030388102143043678
7316,0.021047690563583906,0.030547659895639546
7317,0.02080225905589406,0.029963400772744522
7318,0.02049592809885456,0.029848215374913348
7319,0.020519190071065167,0.02883274398162573
7320,0.02014310129743613,0.028313673553905017
7321,0.020083527067120494,0.02729733627662582
7322,0.020765074411595773,0.027764553650099662
7323,0.020589569205758097,0.027539728619336054
7324,0.020733044198363138,0.028000155924231936
7325,0.019447560815174566,0.028712374009587253
7326,0.019302376912912235,0.029250349564903595
7327,0.017997529873020383,0.02812451627070936
7328,0.01808142787108595,0.027775528409777636
7329,0.018200859284889487,0.027927176557642912
7330,0.01845033296376786,0.028081373555604215
7331,0.017282170199100957,0.027995414185555068
7332,0.01818310214639271,0.028253258864821922
7333,0.01947689502907719,0.028506664606017276
7334,0.019909254230660617,0.028049772884886765
7335,0.02110571962167119,0.028344338818621917
7336,0.02124995714407431,0.027775711908831196
7337,0.02166035584429862,0.02748550802298462
7338,0.02067162325419194,0.026553936815495074
7339,0.02112374281472258,0.02725097335277449
7340,0.020410397616091796,0.02754866534335009
7341,0.019579294157110624,0.027247367823171664
7342,0.01978771795601806,0.028168616948093788
7343,0.019626470562995074,0.02808541733433819
7344,0.01978006957357021,0.027812228429196065
7345,0.01984539814384276,0.027876505010819307
7346,0.02011880315476946,0.02830271959519193
7347,0.02003811924514152,0.02891428374666599
7348,0.020487358744407866,0.029485024749287804
7349,0.020697306488777323,0.029504151929644427
7350,0.021194684566358247,0.029915497138897514
7351,0.020744186121501577,0.0292214528091346
7352,0.020873294174811315,0.02956775654761239
7353,0.0210401077932206,0.02948483871593547
7354,0.020470822552442418,0.029306476879779334
7355,0.020786983833875658,0.02978885721733086
7356,0.02022462598290546,0.029150980878342007
7357,0.020559398123052817,0.02959189816206041
7358,0.02120845199420115,0.029469908314632413
7359,0.02138816732861362,0.029828311127710422
7360,0.021486069700241556,0.02888329045744844
7361,0.021898538432103064,0.02879683634791001
7362,0.022747454982976756,0.028573488536264128
7363,0.02217953947111991,0.02822721889806932
7364,0.02323888709020018,0.028595483339556003
7365,0.02356636758359992,0.0286270117488853
7366,0.02355772831559094,0.02922884690049581
7367,0.02252657381919854,0.028923460827347897
7368,0.02198876467913647,0.027398583339070595
7369,0.02091009923369901,0.026778974972570133
7370,0.021394331772891226,0.027152704719742387
7371,0.021462082453447218,0.026818566344841102
7372,0.02207109403628925,0.02696805914755849
7373,0.02261676507122387,0.026815507106278513
7374,0.02264695409114628,0.02735565134771507
7375,0.022701811162281215,0.027892608738200146
7376,0.021946114350294685,0.02758290704109912
7377,0.021822631337827452,0.02735140635494036
7378,0.020828672264505986,0.02684437278562434
7379,0.020461359622082037,0.026973880989326512
7380,0.02120532737057829,0.02692935901669438
7381,0.021812049192404325,0.027369290130729872
7382,0.022008574724885516,0.027517195290296382
7383,0.021480515517466093,0.02665537908789693
7384,0.022145334967537223,0.026701642544603648
7385,0.021734439492884707,0.02630843582219387
7386,0.021519225087892564,0.025163099635599782
7387,0.021327265598845176,0.025097083957688227
7388,0.022295375460160905,0.02542186957284305
7389,0.022001453069509885,0.024981776261415074
7390,0.022040522803106085,0.025556375731391037
7391,0.021848372019865826,0.025639811361507645
7392,0.02280913240346191,0.025914454849850842
7393,0.021982051791773233,0.0256838852679995
7394,0.0223802350016765,0.025190357637044993
7395,0.022229075552490235,0.025436028421378824
7396,0.023103727874469574,0.02409621751144452
7397,0.02224001891892543,0.024652369143954925
7398,0.022368739469611876,0.02410266167503049
7399,0.023032833905579253,0.024304405906837228
7400,0.02255085886217638,0.02400754622537528
7401,0.022361149312806965,0.02500753272090341
7402,0.021740862820773577,0.02497978575497226
7403,0.02262827490689411,0.025637934278556637
7404,0.022129784201705957,0.024798619727061513
7405,0.022177893988233166,0.024584162348365253
7406,0.021135011350111477,0.023208869180738927
7407,0.021353719808077883,0.02243733872823425
7408,0.021392683298066074,0.02267812421913141
7409,0.022247181591354786,0.023354241187048697
7410,0.022277125447677806,0.0239072826354907
7411,0.02214563625968347,0.023930836572601845
7412,0.023099116706100094,0.024711756369626584
7413,0.02429266854507797,0.02437660305445939
7414,0.024125602556484445,0.02400559260709102
7415,0.024644983349203516,0.02339701298880817
7416,0.025856563196394518,0.023631949088117707
7417,0.024459816824046233,0.02359290224752796
7418,0.02387338537398241,0.023498975382753085
7419,0.022905324393439494,0.02324838867455693
7420,0.02217471637937383,0.023201085799215326
7421,0.02167149476665625,0.023235435092456007
7422,0.022774494738580547,0.02332068729654549
7423,0.02307763457277095,0.023146612971997035
7424,0.023377611121017938,0.02301571091557648
7425,0.022243477012343152,0.02216838003578322
7426,0.022345615135833316,0.022518939266504313
7427,0.02324432755008696,0.022990579119291043
7428,0.023421960589491895,0.02312379746646603
7429,0.023098120041752383,0.02356949338536937
7430,0.023170556337533985,0.02311240441060158
7431,0.023254095028872688,0.02370557836985829
7432,0.022142376540949308,0.02350445528294711
7433,0.021075200631047408,0.023256210758793385
7434,0.021828754610700454,0.023416908867138993
7435,0.021106070495042355,0.02323127992516421
7436,0.0206071389625742,0.02251127274861366
7437,0.020684234891545063,0.02212874400142024
7438,0.01994480952488373,0.02172834010611483
7439,0.020198054869718263,0.02243300873356089
7440,0.019766807180983826,0.022443527727190854
7441,0.019813341604985966,0.023219911225122514
7442,0.01920452274183787,0.022269360183241636
7443,0.018334902816428498,0.021882647907012234
7444,0.018295978218986382,0.02205291845808146
7445,0.01775600432593445,0.02162550005218635
7446,0.017681719807045627,0.021265969168821897
7447,0.017389304402347663,0.02066810915846991
7448,0.017624116674142765,0.020848807027291152
7449,0.017746579432836623,0.021576388108757373
7450,0.0182778662486388,0.021159461548522347
7451,0.019259369524205976,0.022103890971975244
7452,0.019899277067095548,0.02312206747651016
7453,0.02110535514858253,0.0229041285158814
7454,0.022605113385904804,0.02360000705711186
7455,0.023142730681668104,0.02439726189907623
7456,0.023391526827636032,0.024445878522724937
7457,0.025024507364390648,0.025343767468125125
7458,0.025413349667720783,0.025020395125189943
7459,0.02535693330217659,0.02494333434067067
7460,0.024320850094003303,0.024709510913705917
7461,0.02354625900127048,0.024240725233952005
7462,0.023435268663825386,0.02426311354244627
7463,0.021590176737422848,0.02259911889742402
7464,0.01959644421355502,0.02160651246392395
7465,0.01930035739296188,0.021460346437193963
7466,0.019086108743089993,0.021547763750698345
7467,0.019434931846605448,0.021670764617810687
7468,0.019139371006031622,0.021849413926112816
7469,0.01981491893655701,0.02217256450623788
7470,0.02063914278227015,0.02200646323235092
7471,0.021184392598072282,0.021881855357403144
7472,0.022248416386033594,0.022615637745076984
7473,0.02328213580058195,0.02251965345767512
7474,0.022579094748074492,0.022443657893424708
7475,0.021724318687738515,0.02231867087678592
7476,0.020929462152651207,0.022430128025608054
7477,0.020428841168808737,0.022653040265968632
7478,0.020713658458700726,0.02356103438970567
7479,0.02148215694809244,0.02388194806130581
7480,0.02180533678039115,0.023838345781568328
7481,0.0233989867141646,0.024872565010300166
7482,0.02306843681865358,0.024339852029330814
7483,0.02204143500159326,0.02389631811214994
7484,0.021252748331981267,0.023085455550996094
7485,0.02093500954707223,0.023260647262509627
7486,0.020441386909722626,0.02368639551520435
7487,0.02028299005218406,0.02378637491517991
7488,0.020471434690646072,0.024227770918470316
7489,0.01971690762546498,0.02414837952069611
7490,0.019842688291889614,0.02464862016602616
7491,0.020450390495060786,0.024748011867999374
7492,0.020737394156822783,0.02493915772209673
7493,0.020903670351423286,0.024458004260675823
7494,0.02135742018151504,0.024435137873827412
7495,0.021081568058510247,0.024382732343433338
7496,0.020837598863968698,0.024421209619398157
7497,0.02111394182158055,0.024434727465960933
7498,0.020938676847799025,0.02463949632935985
7499,0.02090224200741568,0.02466325480525634
7500,0.020729977943499286,0.024487540843755505
7501,0.02181832957667714,0.025054287270845722
7502,0.021359412190774207,0.024992786012761104
7503,0.020791147677481407,0.02529632581557827
7504,0.020017650388313754,0.024727708135732492
7505,0.01947508133852218,0.024572442526178052
7506,0.0194556716707645,0.024673305226413766
7507,0.018864498849286895,0.024074651362337066
7508,0.01887977396470609,0.023944922651839853
7509,0.018989046330543928,0.024543844137201055
7510,0.019915870714034164,0.02516687182100435
7511,0.02003749784992248,0.0257322624374381
7512,0.020045221248525584,0.02532527121549668
7513,0.019727794675252302,0.02529297756064787
7514,0.019037449563021943,0.025675235162464123
7515,0.01910196860369683,0.025448278110346327
7516,0.018753547973727525,0.025861114860368153
7517,0.019401582048683506,0.02612123939711248
7518,0.019774335415050845,0.026112324160449268
7519,0.01980116755590499,0.02708062647363141
7520,0.01978132043092255,0.02775781475314547
7521,0.019455605092486443,0.027125771121763287
7522,0.019627011815846956,0.027232981720380238
7523,0.020058505463300177,0.02735034327048535
7524,0.019127558816233656,0.02778156658840319
7525,0.019308469133512585,0.027867393905149737
7526,0.019514207227631513,0.02760524912396944
7527,0.020034200462270765,0.027769772210848684
7528,0.019522200446092892,0.02663776061163881
7529,0.019537884375440132,0.026627383402478763
7530,0.019844801488196052,0.02592606069872664
7531,0.01956105582281825,0.025512418342673874
7532,0.020219585577079847,0.02611404616921429
7533,0.020292029882250675,0.025881429502044667
7534,0.021367934994920467,0.02683872391116139
7535,0.021182414105852136,0.02695220079055325
7536,0.021172746658385463,0.02758265850560473
7537,0.02118156896216296,0.027489731386597504
7538,0.02070487487557921,0.02854287208472544
7539,0.020436033910128396,0.028548476905358507
7540,0.020425398005841675,0.028769292138267292
7541,0.02014667234282314,0.02894699896029173
7542,0.02021766150593328,0.0290678636654121
7543,0.02023916864515043,0.0288197055885303
7544,0.020308169918104628,0.02863704895319817
7545,0.019743710847780923,0.028602172962809393
7546,0.020184346740821334,0.02853682258014156
7547,0.02041207989051014,0.028440574743930976
7548,0.020307320899868513,0.0280314938479963
7549,0.020823649595290473,0.027558916249258346
7550,0.02082642589843293,0.02706623142834067
7551,0.020304378020155844,0.026755783327390602
7552,0.020214406333451305,0.027197796105581585
7553,0.0196520479130229,0.0274767803531454
7554,0.019239978846189477,0.028264154785382682
7555,0.018067922030398652,0.02822751625055382
7556,0.01802260024484824,0.028273931858659014
7557,0.017680293965877364,0.028242896450054965
7558,0.01799111370087908,0.028520798184894593
7559,0.016908024056472935,0.028098590118982636
7560,0.017256154155396077,0.02841615476325394
7561,0.01774582104048737,0.028629906756096616
7562,0.01753385705694814,0.028984787760429953
7563,0.017296922471266053,0.02920262918773882
7564,0.017112664566363844,0.028806208853503986
7565,0.017552787360242683,0.02917272877678091
7566,0.017079773169735964,0.02853611516640031
7567,0.017357492835399287,0.028358881684054912
7568,0.01763129429446633,0.028632015442791557
7569,0.01726191700822662,0.029008873406446894
7570,0.017270073076017283,0.028310186189760125
7571,0.017023033311130108,0.028070385030078727
7572,0.01717665700767968,0.028841358330973448
7573,0.017584823900971536,0.02908780485946693
7574,0.01762400912357505,0.028820009636676303
7575,0.017605220424714765,0.028775187663036408
7576,0.017915904653240108,0.028573649903844915
7577,0.01762945614444847,0.027799381362549024
7578,0.0175695396942277,0.026955000827035322
7579,0.01800279852543231,0.026736079452253047
7580,0.017782765545939844,0.026726800618338202
7581,0.017227932090192428,0.026407362146700582
7582,0.01756553171185534,0.026861828485902132
7583,0.017603136932385802,0.02630208605786618
7584,0.018009758438672516,0.026503558562814757
7585,0.016779506409520507,0.025842370306906746
7586,0.0177287524365414,0.026975116734159327
7587,0.017672829714434138,0.02646887123234261
7588,0.018486360437756706,0.02682631725943389
7589,0.017762680074440217,0.026155275056064572
7590,0.01854783346622042,0.025793064840650304
7591,0.018395474214717395,0.02673674736627324
7592,0.018498148287784927,0.027096330629073115
7593,0.01838536155596559,0.027119248192563925
7594,0.019085453798244306,0.02743963574254364
7595,0.019201145256142114,0.027564233515260373
7596,0.01902232745295224,0.027859520167898628
7597,0.01880264775010011,0.028331175229083735
7598,0.01864991799888308,0.028437743102603257
7599,0.01865618020863847,0.028199253007075768
7600,0.018743670438250936,0.028299854232590155
7601,0.019174872080068486,0.028569886998852236
7602,0.01879505782278395,0.027854433864650804
7603,0.019043822756459734,0.02805632026843248
7604,0.01958078273016822,0.028163575952145206
7605,0.019287467724439244,0.028415385160270503
7606,0.02014282386644143,0.028092548884588044
7607,0.01942012902396739,0.02778680308023595
7608,0.019257915267527192,0.02808729953021896
7609,0.019408116864425368,0.027668534962682435
7610,0.018955603400390385,0.027537605459925552
7611,0.019020748127022792,0.027227978271846327
7612,0.018330536428936322,0.026707448748829677
7613,0.0187447353785842,0.027153752442189597
7614,0.019530803475918256,0.027559606744550012
7615,0.020313875464259702,0.02737461187267361
7616,0.02021554611106475,0.02649005234233825
7617,0.021114480013488594,0.02634102772863994
7618,0.02165616470085913,0.02615368574899703
7619,0.021189642139531603,0.02519358689520977
7620,0.019733789668958602,0.025601900645247554
7621,0.0208204125897356,0.02593449901145078
7622,0.021184696078307325,0.027236601281736723
7623,0.021389939753941024,0.02658459078176622
7624,0.0207095557784965,0.0263089745691337
7625,0.02087162031785696,0.026359371278097492
7626,0.021046945585869597,0.026387608179922854
7627,0.02107154960259174,0.02615671316729526
7628,0.02107040427220447,0.026793643696630256
7629,0.021224823636385993,0.02619634504987828
7630,0.021588770126314712,0.026592877751640216
7631,0.02163481379207379,0.025949581582701685
7632,0.02221927233193799,0.02632072658673905
7633,0.02180368906822556,0.026011427178862293
7634,0.02187787075884549,0.02641105531084314
7635,0.02242203334599147,0.02703408099732231
7636,0.022438621112711023,0.02754700993282997
7637,0.022071207688448453,0.02738034269228557
7638,0.022408858746796073,0.027784636953526304
7639,0.022304925367093265,0.02788358054978943
7640,0.022363274772155457,0.0276656203688041
7641,0.02319222235904677,0.027831301298544685
7642,0.024091679928731905,0.027908507730645887
7643,0.024952615059025185,0.027462929987013208
7644,0.02417915172941473,0.02701155156450993
7645,0.022699706898300743,0.025826736051608574
7646,0.021489271401560404,0.024543442084666817
7647,0.020476463091665415,0.024311463512077688
7648,0.020452899996649742,0.02408667792980576
7649,0.020192302149619347,0.02349428800108786
7650,0.020773623629675268,0.0240467540491011
7651,0.021562222060150925,0.02488268147412944
7652,0.021718534880413008,0.025572261799981497
7653,0.02093697947235063,0.024970188159940135
7654,0.02120281038749139,0.02498913037986958
7655,0.021743615386670887,0.0245085169494942
7656,0.02124909788721325,0.024053419344356102
7657,0.021874200536567415,0.024318201925853412
7658,0.02288225211042984,0.02532662930033434
7659,0.023974608083574784,0.025908129365124776
7660,0.02320711034802566,0.025289733866806448
7661,0.022602801837770563,0.025364379078013765
7662,0.02202877307968907,0.02506541916223712
7663,0.022389297480919272,0.024776863574462727
7664,0.02324160382440882,0.02503414264615482
7665,0.02234409962400916,0.024369100007145383
7666,0.023407553348543202,0.024682215977917064
7667,0.023837252137348008,0.02548491186581563
7668,0.024679272908784227,0.02565973405070729
7669,0.024439996091131143,0.025819610277659746
7670,0.02522916098363587,0.026002586214054553
7671,0.02502761028693984,0.026275525503757634
7672,0.025228935167688156,0.0255468531720208
7673,0.025141643050832302,0.025741949195551398
7674,0.02475379917315663,0.02507932987177415
7675,0.024348068893728977,0.026048512888057377
7676,0.023598629468223525,0.025799142251445303
7677,0.02271188036770038,0.025432880255706846
7678,0.0225111741087831,0.025633313901934955
7679,0.023533185088225127,0.025672046688235594
7680,0.023499321181292714,0.025617576345645682
7681,0.023503583775667622,0.026103869318808537
7682,0.023850854316910263,0.026210453647788425
7683,0.02426441165730979,0.026100594763068783
7684,0.02407895879433776,0.02563087861916713
7685,0.024204047476171654,0.026172785029007616
7686,0.024570602161604515,0.026127716879964295
7687,0.024250870970630334,0.025494387351824455
7688,0.02458849270203031,0.0262388724996897
7689,0.02443514472763892,0.025998407492073227
7690,0.02445598181734935,0.026345739548626616
7691,0.023998349332495447,0.025657458676268393
7692,0.023480986879489418,0.025218107197133206
7693,0.023854780842580806,0.026057724039793805
7694,0.02392097597385896,0.026299103744681904
7695,0.023897760164818045,0.026652972795451983
7696,0.02473684440263656,0.02697815009015955
7697,0.024610923037890087,0.02707012947855012
7698,0.023891190632971876,0.02685088694059651
7699,0.023695558218206538,0.026684968476929215
7700,0.023369034103979055,0.026543861321003837
7701,0.023643384914747982,0.026648921539469204
7702,0.024198783223453237,0.026563388135546644
7703,0.02335530491746809,0.025898729560276904
7704,0.022982160770524947,0.02595944209368329
7705,0.021828375545508497,0.02544479360464814
7706,0.02149585089215323,0.025145640309705657
7707,0.021662978318614336,0.025040785659030087
7708,0.021229879317454212,0.024870615607163197
7709,0.021575145681656947,0.024331975483790062
7710,0.02200602090510751,0.024834605602928352
7711,0.023034962000795786,0.025735227016207177
7712,0.0229219256128238,0.0257277641262876
7713,0.0239695433263258,0.026886744189105024
7714,0.023124464845879062,0.026385551920788418
7715,0.023383737218966666,0.026414589967792886
7716,0.023438458884912455,0.026260278556024672
7717,0.0232249992060682,0.02579635615337393
7718,0.022818259116282918,0.025791626458619463
7719,0.023504099196853954,0.025900764483038078
7720,0.023240206739666605,0.025806857238981164
7721,0.02395603165441948,0.025451589223893463
7722,0.023022323380518454,0.024961010166171967
7723,0.023469750524499525,0.0257557115359832
7724,0.023191097861793738,0.026172165678877216
7725,0.022480649618692276,0.025275906657603344
7726,0.02240142676020574,0.025460735625274216
7727,0.02262178287251591,0.0252737159245396
7728,0.02176753161010522,0.024418984149715255
7729,0.0210889322902186,0.024395994063273443
7730,0.0218415450864733,0.02565964456987035
7731,0.022202926433760553,0.025312763666169386
7732,0.02215305510166928,0.025285295806724648
7733,0.021846933957363326,0.025635494298901502
7734,0.022583397193512142,0.025975663284790167
7735,0.022407462343936615,0.025628817866020243
7736,0.022502235413642057,0.026070196559507937
7737,0.023052459681786815,0.025719777526311147
7738,0.022694898611866035,0.025248100114538242
7739,0.022391594988088535,0.025564167489526515
7740,0.021990520891154827,0.025319569671161987
7741,0.02160508844534615,0.02539047987094777
7742,0.020998887683255474,0.024542616232494027
7743,0.021317523222992053,0.02476541907820138
7744,0.021744356843222287,0.025153722888789275
7745,0.021954013261906793,0.02479153720957272
7746,0.022086533551742595,0.024691195119024806
7747,0.022589958472297746,0.025019651466380657
7748,0.02252430500668776,0.025030935150682918
7749,0.021946179785648938,0.024724266692392954
7750,0.022594644789588954,0.02513010622980778
7751,0.021475277551623276,0.02394001404771954
7752,0.02113778337411843,0.02318082657984055
7753,0.020136785771845016,0.023207222931553254
7754,0.02130926311019329,0.023481053272062995
7755,0.021659575431696863,0.02451679509009825
7756,0.02200935219851593,0.023997735228671185
7757,0.022512317454121456,0.023931241874851426
7758,0.02173523283836804,0.022895290103799416
7759,0.021683952389815558,0.022382507686140248
7760,0.021451639298632967,0.021976022684237446
7761,0.02133360156108862,0.02182881485954853
7762,0.022071140380086895,0.02288006577742062
7763,0.02227579323141203,0.022823975780999133
7764,0.02204243095237379,0.024133916523709803
7765,0.022900787268290555,0.025152657540381068
7766,0.02350631709009751,0.02593257129958018
7767,0.024005849971264592,0.026988345950645885
7768,0.02411905616121503,0.027121897226757903
7769,0.02293017996960712,0.026123678090303713
7770,0.023501661330356506,0.02632897150873353
7771,0.021941164965058192,0.02550688446279277
7772,0.022710490739287093,0.0261534061392914
7773,0.022382631483964806,0.026167151534912957
7774,0.023080806054508293,0.026927453532881
7775,0.022747550631072186,0.027003667117317574
7776,0.02224500885566091,0.02674481704073029
7777,0.022935215624578103,0.02668075473304773
7778,0.023232459755039233,0.027018539138966825
7779,0.02341331497736471,0.027141964984795174
7780,0.02372166470040355,0.027153243530580143
7781,0.024485514664861804,0.027029454477184682
7782,0.02471566215406256,0.026665872810109657
7783,0.024094045375503956,0.02706004670661901
7784,0.023783017633986672,0.027301938489693034
7785,0.023242947123127806,0.0269757014969788
7786,0.02299723891927858,0.027065934328669855
7787,0.022668212492909883,0.02721597718006335
7788,0.022269329562064757,0.02653080417238474
7789,0.022525956151327808,0.026656777611800415
7790,0.021698995482749873,0.026517608420313015
7791,0.022125937335683066,0.02609900845289533
7792,0.021860377539036274,0.026397265300831804
7793,0.021669414812187787,0.026339261052570728
7794,0.0215901370942784,0.026646886579248606
7795,0.02185353331924218,0.027090594986032345
7796,0.022272047000713502,0.027456659956579595
7797,0.021453039247888703,0.0274910947984787
7798,0.020769631699128762,0.026646985626179807
7799,0.020091030009596642,0.027014060628796445
7800,0.019390824954131528,0.026444941078700497
7801,0.018756648768604237,0.025869158529673038
7802,0.018019443682588163,0.025353911415147905
7803,0.01735422683994744,0.02490397410958276
7804,0.017323673411980316,0.0242768825535089
7805,0.016914881984914712,0.024632372962556034
7806,0.016760318822466598,0.02395414777490168
7807,0.017452510418529483,0.02368058532500487
7808,0.017991913499542635,0.024217060560775428
7809,0.018534377478656716,0.024724085787451645
7810,0.01962833508665517,0.02560200355667396
7811,0.02066898267976765,0.026286356280995685
7812,0.02085242761382628,0.026515409238629002
7813,0.02186235352933612,0.026931648779918268
7814,0.022432282515694093,0.026934807537393177
7815,0.022002813432640506,0.02692015060361736
7816,0.021717500495871216,0.026734369971618908
7817,0.02140229208934987,0.026781585575647845
7818,0.02036032403393092,0.02721729403905287
7819,0.019745685269245628,0.026785561151162898
7820,0.020359963786324937,0.027402808428926805
7821,0.0194800367334319,0.026648175550667338
7822,0.019295285983033424,0.02641971312189729
7823,0.01898444712541832,0.026225496187549623
7824,0.019380591402034995,0.02623601376775176
7825,0.01926014707486936,0.02671555163538365
7826,0.0192867519093572,0.026697076272905296
7827,0.021424054169342493,0.02789307095095997
7828,0.021502872125378592,0.027880118252081313
7829,0.021851763697780413,0.028009919102456354
7830,0.021356000693196087,0.027708728467844883
7831,0.020697392113332706,0.026962615945876636
7832,0.020870037006934843,0.027161326321948395
7833,0.01980329547423761,0.02688234770103883
7834,0.01884458585058898,0.026288350479498606
7835,0.01907250308145874,0.026461719350266005
7836,0.019365701199371397,0.026528097853715998
7837,0.019510982289486247,0.02700379015525765
7838,0.020295616519712928,0.028091915183296973
7839,0.020244631991758126,0.02796536413428938
7840,0.02101545928089383,0.028018640666544428
7841,0.020891820260972287,0.027903888258809257
7842,0.021784591444593434,0.028158315276204503
7843,0.02185931828916414,0.028016442432489727
7844,0.021851327815537818,0.028058212126273036
7845,0.02324283439502649,0.02823770893796864
7846,0.0222889565538368,0.02749789078507478
7847,0.02245673502656589,0.02741003213968561
7848,0.02173175658991693,0.026964209510548974
7849,0.021584792603383227,0.02670353066897447
7850,0.020611258097517612,0.026770762208906514
7851,0.022196561250972087,0.027060898321764986
7852,0.021726739202668474,0.027159711643882332
7853,0.02162029448321066,0.02690763769903215
7854,0.021359405118801657,0.02733723731729497
7855,0.02176969383560305,0.027003199134412483
7856,0.022465425514738804,0.027648375027385853
7857,0.02175527997243374,0.027258142778569316
7858,0.021998320428039612,0.02743105625507502
7859,0.021584428679242398,0.027488673889581837
7860,0.021911271514555873,0.02733067834030612
7861,0.022277914621376103,0.027394661384354153
7862,0.02196790902434952,0.02745395785259545
7863,0.02227111420944148,0.027595324967723628
7864,0.02163376771980759,0.02751727512323453
7865,0.020026368268538073,0.02654327861269227
7866,0.02002769185536834,0.026573976489763083
7867,0.01889162157285023,0.025282413680645578
7868,0.019166647917246288,0.02622016811633011
7869,0.019443100591721277,0.02607484537038071
7870,0.01915235365092989,0.026027698346702946
7871,0.018782565438295106,0.025991738460025983
7872,0.01807506801215363,0.025678715538406692
7873,0.018478358703240914,0.025719570031506815
7874,0.017708887012770597,0.025490763736732678
7875,0.01862538770358619,0.02587197552556904
7876,0.018320522770496995,0.025942396607147075
7877,0.017816154628690267,0.02534569750546375
7878,0.01871524114799469,0.025530108148964135
7879,0.019506703510915418,0.02637170936294252
7880,0.019326416197376628,0.027457897859186505
7881,0.01967603888387219,0.027776919334940198
7882,0.01970071574940698,0.02816426399108255
7883,0.020235548431952768,0.028251162493521494
7884,0.020844803971052605,0.0286500578643145
7885,0.020832050107265344,0.02795912824485014
7886,0.020312231939525534,0.027915780927414976
7887,0.019632066277748873,0.02764870929389865
7888,0.02011348375697732,0.02711511017217198
7889,0.02053929861038816,0.02675523271882644
7890,0.02199224971759742,0.02721369207117424
7891,0.021771440730130195,0.02692815653783251
7892,0.02186512329815778,0.026667596650298088
7893,0.022903306450231767,0.027437484226971207
7894,0.023023778740895062,0.02704651444157003
7895,0.02146856068986762,0.025907273041657134
7896,0.0202268987239757,0.025720345370804053
7897,0.0188826571701321,0.02525105008927142
7898,0.018521053636660567,0.025751849090851885
7899,0.01686588112361456,0.025138993885097095
7900,0.01648082230001569,0.025175574857790622
7901,0.016638980692071058,0.02574268219903528
7902,0.01612578327710137,0.02552194032809576
7903,0.016259076566327607,0.024912902162303994
7904,0.016457722741378987,0.024494188103826923
7905,0.017356192317640143,0.025115179965080642
7906,0.018198143509494835,0.026070158862435446
7907,0.01909807040973286,0.025784498991739402
7908,0.019594368287336267,0.02587098051462493
7909,0.020066236463053024,0.025401870798780545
7910,0.019331609346888323,0.02535211870083618
7911,0.020218446035443788,0.026276985337517725
7912,0.020166165006265203,0.025716857919817884
7913,0.02063860908208024,0.02542145946461206
7914,0.020168530863713265,0.025068565327322993
7915,0.020345456220290964,0.02405770759293667
7916,0.01995887565725717,0.02389868104705838
7917,0.020325757752077338,0.024101571270788016
7918,0.020607886944538027,0.0244655741174843
7919,0.01998274945021133,0.02458720063298477
7920,0.02032609972082336,0.02519561822828524
7921,0.019854440138146034,0.02527120568331145
7922,0.019429065802909984,0.024576930769134277
7923,0.020737759142762997,0.025279843796647695
7924,0.0200072421250781,0.025611566708946387
7925,0.020857867537471902,0.025315877997247944
7926,0.02088727598771068,0.025351850786078284
7927,0.020751916069856362,0.024950718303986694
7928,0.02029061519136338,0.02550997918082654
7929,0.020809754440739063,0.02600871466711931
7930,0.021448075240627085,0.02527300343646875
7931,0.021447639116869713,0.02543002892161487
7932,0.022089545256798886,0.025875012876626885
7933,0.022539022240185513,0.026323457297961057
7934,0.022167600630192224,0.026594923954289328
7935,0.022288429107637172,0.027099696286171423
7936,0.02224586986108926,0.02653041730843619
7937,0.021631780103409944,0.02531539841920152
7938,0.021081330950954994,0.02466730226635471
7939,0.021938189388925004,0.02420904375189743
7940,0.022221167962021317,0.02407297693480618
7941,0.020953643829669452,0.023065050984463948
7942,0.020138172271715594,0.022886217021549894
7943,0.0205769649003776,0.023300104989263253
7944,0.021310465768384336,0.02393146294961359
7945,0.02032548650221636,0.024025527049711268
7946,0.020847520491405702,0.024600711006555108
7947,0.020641102266000633,0.025077027959780316
7948,0.021821600975318583,0.025824852900565805
7949,0.02117451958374181,0.025101091560330586
7950,0.020790799495724134,0.025133309599304453
7951,0.02177984661860782,0.025397248384940695
7952,0.02181038994327925,0.025490109691502092
7953,0.021789863718608922,0.025602578056315526
7954,0.022215197011767027,0.025882617695251194
7955,0.02232823290483903,0.02653162792268804
7956,0.022866297987614848,0.02637963548551386
7957,0.02269989003481509,0.02694055075697975
7958,0.02265922044128984,0.026564098620375447
7959,0.02374451334389794,0.02734862429478484
7960,0.02359158005906955,0.027629326959151247
7961,0.023588070568044694,0.02769524040413242
7962,0.022631376323952193,0.027658283871461048
7963,0.02264844210191971,0.027777616448823744
7964,0.02134703865647491,0.026898404824522406
7965,0.020288287211053784,0.026238471962844997
7966,0.018771183751747286,0.024997119148767132
7967,0.01802629706801115,0.02417697158460494
7968,0.018160303892069685,0.023446967190916927
7969,0.019320735731173565,0.024113430972098032
7970,0.01966229761322468,0.024796181062052544
7971,0.02114039107965163,0.02643025304440416
7972,0.021970792424816837,0.026901658010920884
7973,0.02226563574823202,0.027701374903096487
7974,0.021697304367817583,0.027528873135420195
7975,0.02176846642509727,0.027246105949685906
7976,0.020823980865254516,0.02715143669044675
7977,0.021012729071695182,0.02702186152053396
7978,0.020309632875236985,0.02695587321301476
7979,0.020149887415923416,0.02685628124288886
7980,0.02049620137969391,0.02720189684843104
7981,0.02067985322748674,0.02765649382869494
7982,0.02059882317524033,0.027411629512691733
7983,0.02086772511465823,0.027411699508413878
7984,0.020413599075146185,0.027762935185020092
7985,0.019840654238597672,0.02761191998361202
7986,0.02004237825493269,0.0279916382357114
7987,0.01975038128728947,0.027754379498890494
7988,0.01992073437370512,0.027582470554655264
7989,0.019720051998335854,0.026788704613037388
7990,0.020551244225851258,0.026411288993458928
7991,0.021183270040062235,0.02572299246124582
7992,0.021678029837505584,0.02624042473017031
7993,0.020826075907309543,0.026386553779057458
7994,0.019991328329229053,0.02597363679604752
7995,0.02057496196100544,0.02640395611698322
7996,0.020428645447064568,0.02604291054461681
7997,0.02057740966693192,0.026058493635061557
7998,0.02040887025710815,0.026350943460533006
7999,0.021158931499944775,0.02658771626682551
8000,0.02104316906696672,0.02667453847902848
8001,0.020548948935744858,0.026189553003200965
8002,0.020913609168197646,0.026537409692103872
8003,0.020569209792207447,0.02619795263392935
8004,0.02061808965141484,0.026036129969800842
8005,0.02096488092210791,0.026208250344240666
8006,0.02172227220872783,0.025889964831323053
8007,0.021834896934463978,0.02553347552188404
8008,0.02267347105200267,0.025709967613827614
8009,0.022805373279832473,0.02578636523893306
8010,0.023269033872764352,0.025649675975308414
8011,0.02277263208189265,0.02572322926658716
8012,0.022167358203217316,0.026101711705220215
8013,0.02246761093683504,0.026313182811787753
8014,0.022108499088981295,0.026113740355306947
8015,0.02220805728698432,0.025898528628922484
8016,0.022407162627407676,0.02631152958642903
8017,0.02202546593178151,0.026171618505023673
8018,0.022066605116278726,0.02567731952342587
8019,0.02192952335341343,0.025675237844577436
8020,0.022088957540886307,0.02597947492234053
8021,0.02264500139618437,0.02583743306720352
8022,0.02272589007491539,0.026329554240280956
8023,0.022019226769078148,0.025927856034903725
8024,0.021749374437468338,0.02588632540683729
8025,0.022487980239057744,0.02656422238291872
8026,0.022114901848856117,0.02678117232571586
8027,0.02211347105444807,0.026062315097714447
8028,0.022137162119360516,0.026704719220181083
8029,0.021804187250879774,0.026478072379743003
8030,0.021113909370648998,0.02593166406126087
8031,0.02089465126450924,0.025512361926013825
8032,0.021378456148361438,0.025340226828804737
8033,0.021064917384233092,0.024874245410901556
8034,0.021285178601386328,0.02559945655974282
8035,0.02105218721963038,0.02546555577794904
8036,0.02188831089219713,0.0266673303685142
8037,0.021201396714411548,0.026369626587579215
8038,0.021403191509884824,0.02597521744957695
8039,0.020620052732500546,0.02575451909277771
8040,0.01973812713525842,0.025158753927466998
8041,0.01933670228863555,0.024475038221748402
8042,0.019299944888911267,0.024125423145625432
8043,0.01978729985196941,0.025455164646548373
8044,0.01997378005035796,0.025365253014468788
8045,0.020143989999506593,0.025155189497586022
8046,0.02081542767624048,0.024979420265814
8047,0.021112533682635357,0.023976792737608922
8048,0.022043406787810863,0.023955031988244068
8049,0.022932243641580273,0.024994374713112413
8050,0.02269590188919211,0.025297969503518387
8051,0.022424000918017682,0.025055397181998083
8052,0.020926012020295273,0.02479728363340747
8053,0.02035904397472055,0.02567135476428201
8054,0.021723741658990325,0.025841728231370906
8055,0.021364092609405947,0.026412434282449482
8056,0.021549603090778142,0.026838528277803888
8057,0.020860041310039015,0.02653623541906757
8058,0.021055867782820623,0.026479424847150625
8059,0.0200189504241196,0.026489089124421564
8060,0.01968622340571327,0.025505898167403358
8061,0.0196122836496253,0.02620385514563539
8062,0.020339616563476243,0.027069393561178347
8063,0.02017474842261951,0.026911780523012505
8064,0.02022594911188959,0.02609918135857403
8065,0.020517736552266824,0.02600658088781649
8066,0.02133328976659006,0.02694005191697605
8067,0.020451142646331022,0.026475896755637274
8068,0.020125471544083697,0.026913009432898184
8069,0.019351558234352903,0.02667590510017169
8070,0.018495532239989385,0.026088365405272818
8071,0.018489588917313372,0.02581486987227177
8072,0.018233888999230667,0.025422354652533983
8073,0.018650371102398554,0.025352581983017645
8074,0.018421364370583157,0.02574328087266553
8075,0.019511519443279723,0.026833357544198657
8076,0.02026152558933532,0.02717295671977061
8077,0.020848456143583303,0.027328518169465323
8078,0.02291552766298059,0.027875047409634316
8079,0.023442181114985496,0.02803612359507246
8080,0.0244599438730936,0.02863391789749225
8081,0.024702427975327297,0.02877701705968196
8082,0.024879035238526602,0.02849514502606383
8083,0.02477300160750913,0.028196532765226674
8084,0.02407591990209331,0.027948627151653395
8085,0.02253756653182087,0.027178521569342893
8086,0.02178762895612156,0.026919428247278436
8087,0.021605938481604723,0.026453001706860796
8088,0.021016784898226237,0.02619544309225518
8089,0.021451807981911552,0.025851911518921456
8090,0.021180529116252768,0.025390014299994757
8091,0.020931300441112525,0.02574784823615392
8092,0.020897111032933187,0.025898490477567582
8093,0.020480279968954972,0.025541542627327576
8094,0.01997833519581113,0.025319978850308834
8095,0.02039391288870292,0.024808216545477355
8096,0.020262092133866868,0.02498444761100657
8097,0.019989979642863503,0.025108631456414652
8098,0.020657451943814333,0.025430403930493856
8099,0.022097414190201087,0.025988608065170195
8100,0.021187868895751336,0.025858250241772057
8101,0.021809459501338734,0.02625969538472433
8102,0.021541916468653492,0.026223020935476345
8103,0.021035564343071113,0.025350927213138436
8104,0.020887514228531405,0.025437523897067615
8105,0.02114919050396294,0.024938491202586534
8106,0.02087797399089934,0.02539247184214843
8107,0.022599047431022846,0.02631333627352394
8108,0.022167266661643835,0.026134431239822443
8109,0.022085106784947746,0.026159211648865213
8110,0.022156724674861482,0.02598723398676421
8111,0.022195984857031954,0.02635284772787562
8112,0.022328500705785907,0.02663775588615702
8113,0.022658736984367742,0.02628478168250395
8114,0.021923158817699104,0.02647351664692387
8115,0.02199983785179503,0.026335908641431816
8116,0.022596914656138067,0.02649257082799192
8117,0.0229516762110571,0.02623342474364223
8118,0.02303607769138864,0.025942465593911706
8119,0.022237038718783922,0.025465428891144743
8120,0.021908415920426,0.0253238146897082
8121,0.022938844073619128,0.025169880082278467
8122,0.02141642853427721,0.024702443572267325
8123,0.022535177025700338,0.02539153740269592
8124,0.02178741564887001,0.025049147369527777
8125,0.023406310596855977,0.02609568588864349
8126,0.022573209711351114,0.025658614964235094
8127,0.022316847289948826,0.0256009626289802
8128,0.02228260595095971,0.02551595841579393
8129,0.021446818898174375,0.025208593576307236
8130,0.0223554432125905,0.025436104083498896
8131,0.023249018321124394,0.02500622655062144
8132,0.02241349714918929,0.024413848384396083
8133,0.02264195467308259,0.02429081612849594
8134,0.022691038537654612,0.025059685810635963
8135,0.02193569825120432,0.024299267776883914
8136,0.021269207764921222,0.024068751590353436
8137,0.02072795444500991,0.023752334993395328
8138,0.020142749856391046,0.023958256605089556
8139,0.02005263886119427,0.023705098076313266
8140,0.019455691846756485,0.02310456954242246
8141,0.018811007139485192,0.02209563719816873
8142,0.01857021649315827,0.021952584739064654
8143,0.018789529627959368,0.021739388340822216
8144,0.019028772737489326,0.021945770632974818
8145,0.019949914985544874,0.022879727894735514
8146,0.01973631547844042,0.023413647337484033
8147,0.019647372962990677,0.02467649967863606
8148,0.01895234073549583,0.024622274384959994
8149,0.01918258708721009,0.02492881424219671
8150,0.019766712895297214,0.02583884375890873
8151,0.01994147306409629,0.025744334319483413
8152,0.01912129114994064,0.02557065126635856
8153,0.0193036007122638,0.025767395717112392
8154,0.019151549710669447,0.025312388484281478
8155,0.017923033243376418,0.02455887270696324
8156,0.017755281044516194,0.0247609562047493
8157,0.016901121316251728,0.024520920993586423
8158,0.017756208944579174,0.025028034232260372
8159,0.017741871461127344,0.02554206219078983
8160,0.01739158251182756,0.024840395152314346
8161,0.017609653024585326,0.024386283289280254
8162,0.018412078625992704,0.02428554747147257
8163,0.018565946769303628,0.024334541948276275
8164,0.01862725828646724,0.02413500510458834
8165,0.019501336745454935,0.024165893350549222
8166,0.020598025438202834,0.0244818629425549
8167,0.02198373548599085,0.025045176896786668
8168,0.021822237839009904,0.02464448379778099
8169,0.02149517675309542,0.024875721533410992
8170,0.02058400746287509,0.02490236257074797
8171,0.019353724980761638,0.025136461981193535
8172,0.01822333719428102,0.024231847191731642
8173,0.01780388921859865,0.024649548356250422
8174,0.017386877878241298,0.024057501232622024
8175,0.017610167008580743,0.024211336248110935
8176,0.017541604302986895,0.023740615278348788
8177,0.016565814725761217,0.023027072614771656
8178,0.016343625357497147,0.023052593729127935
8179,0.016662935088658456,0.023413813210980846
8180,0.01621506229743101,0.023416265397096545
8181,0.015963951894231464,0.02340965005197752
8182,0.01614736307638515,0.0230725105331077
8183,0.01653408644239464,0.023271917875768648
8184,0.016523355452084075,0.0235087411328545
8185,0.017090266851196582,0.02341270982221416
8186,0.01756360293005346,0.023005083008296196
8187,0.017307755766065427,0.022494641760511892
8188,0.017648926675965466,0.022610115435092944
8189,0.017567084736260452,0.022227676340463548
8190,0.017079589975422197,0.022101308227340546
8191,0.017689648394006666,0.02237907390890384
8192,0.017469964417927867,0.022397822678965913
8193,0.018669454666810383,0.022951176708351766
8194,0.019821519389066233,0.023580993893146305
8195,0.02095783809931811,0.02457510649640527
8196,0.021422620572227342,0.025153988384780945
8197,0.021440895781084875,0.024608190903149547
8198,0.021942089598195033,0.024558558552012038
8199,0.021360794082168587,0.02351480865234328
8200,0.021684631012961215,0.023695224538214318
8201,0.02160404415974261,0.02435657115621176
8202,0.019730355565024765,0.02351024012626814
8203,0.018903802073740546,0.023406901449126254
8204,0.0186577436757094,0.02319635136843393
8205,0.0193878415509496,0.02462912861605524
8206,0.019440816571715563,0.025369286728709854
8207,0.01981052797239466,0.02512165679707016
8208,0.019965023051157115,0.02575324435915646
8209,0.01952216531261807,0.0254736753672536
8210,0.01923770285542018,0.02527636437328076
8211,0.019822652851143686,0.025070802745712845
8212,0.01989477564472684,0.024588512248503412
8213,0.020014932331333432,0.024369622978742917
8214,0.020145504834822813,0.02512805133523825
8215,0.019801163947263452,0.02462562600584889
8216,0.019806373772190904,0.0246471812196683
8217,0.019732356583718753,0.025276929114646518
8218,0.019490998988120192,0.02473962530440307
8219,0.019867716178706193,0.02576261788290328
8220,0.020050271329950575,0.026285927308498047
8221,0.021825214709199507,0.02768745770643457
8222,0.0225752962607613,0.027789607117629504
8223,0.022199674464529424,0.027819907998613367
8224,0.02138130793533708,0.0274642979002564
8225,0.021779463627345272,0.027224914517414198
8226,0.020694452857199556,0.026717157358766327
8227,0.01983547944888664,0.025626632434782817
8228,0.020062211849916616,0.025360938542077115
8229,0.020947575968689645,0.02564620046465402
8230,0.02175711309178776,0.0261059615879777
8231,0.02132731105944489,0.026300666373622366
8232,0.021727453229007473,0.026557634821951427
8233,0.02206518553894833,0.026849623141081216
8234,0.021971985771537406,0.026596956018191887
8235,0.02188829695770277,0.026397642970738298
8236,0.021329057616635578,0.025627904154329917
8237,0.021046540830457185,0.025677100457218244
8238,0.01996687466091522,0.024518706129804953
8239,0.019369900105530823,0.02376856290026143
8240,0.018955461531639,0.022699237158551534
8241,0.01836151620639927,0.02314408517026311
8242,0.019025616732434088,0.024868465512986566
8243,0.019123731551628234,0.02473377062370665
8244,0.01875372140150117,0.02358495599003226
8245,0.019158867537747704,0.024119378412850466
8246,0.020358240205268906,0.025824851680798365
8247,0.021036880682236248,0.026237012176553717
8248,0.021217066750440407,0.02641010139424675
8249,0.02208170828747918,0.02714706115355513
8250,0.022262690144598533,0.027719826298226908
8251,0.022466988203008336,0.02801924778827847
8252,0.022560723033636064,0.027889638023963863
8253,0.022151108735506925,0.027729814747114518
8254,0.021526369844317234,0.027176036303195407
8255,0.02162995061498891,0.026961610710098387
8256,0.021116644775209057,0.026612607277563306
8257,0.02050590830462203,0.025931477566970267
8258,0.020837238897954496,0.02584521886501854
8259,0.01991006697226732,0.025508562252037795
8260,0.0212704896558185,0.028134278210498617
8261,0.02145517076614723,0.027555535922659528
8262,0.02212096601001731,0.027348237229214443
8263,0.020933429672449055,0.02685604665971156
8264,0.022465683845402463,0.027588372512622437
8265,0.02278257645251872,0.028282781479226405
8266,0.023015589666231948,0.02948417852975984
8267,0.02184279209205786,0.029236163836065865
8268,0.02168617668429849,0.028673102309603144
8269,0.021005748926665905,0.02805379161052531
8270,0.02117087786355576,0.028591567512194643
8271,0.021004308863669902,0.028271698065687398
8272,0.020676939764009684,0.028177898174816373
8273,0.020481107286761318,0.027746573745827226
8274,0.020645767979709188,0.027374286019121806
8275,0.01975739784767259,0.026879968441166635
8276,0.019552683202543403,0.02665312252548124
8277,0.018955983587554032,0.02724306215132804
8278,0.018984603936236185,0.026270253837457142
8279,0.020026672618307956,0.026516334181651516
8280,0.019619827582173285,0.02648889272663111
8281,0.02021496479495561,0.02671580519803396
8282,0.02085317326811389,0.02663937123711034
8283,0.020492696178372474,0.026112715469394438
8284,0.0203093963361066,0.02552301453409412
8285,0.019667555483888384,0.025711088483200202
8286,0.020323277573815298,0.02570797068650385
8287,0.020676584269448562,0.026074288736697388
8288,0.020625431389973255,0.02594308694238007
8289,0.020837300610689807,0.026870856100947353
8290,0.02054564048679546,0.026902685221689218
8291,0.020442124972014978,0.02708876691839023
8292,0.02056773996725321,0.026744585451460957
8293,0.02039494591632944,0.02644291741394146
8294,0.02022941380160977,0.02622076790908312
8295,0.019994886982978494,0.026140165501556532
8296,0.01984936761112332,0.025099448630137616
8297,0.018970033868993406,0.024121723702178265
8298,0.01801909443743586,0.02320079120162694
8299,0.01786045186436265,0.02389986650872721
8300,0.01758736112977383,0.02402830089920768
8301,0.017111411639031786,0.02394606800211208
8302,0.0170751855250509,0.023407931570079192
8303,0.017847016286547147,0.02392377500071769
8304,0.018979350266032882,0.024918276710402035
8305,0.018652434829222284,0.024957916925365174
8306,0.019723025891245177,0.026065359654393154
8307,0.021152573528362462,0.02758961678880583
8308,0.02020558987992513,0.027552140991998708
8309,0.019829434365992608,0.02679267918695159
8310,0.01938872668502982,0.027105095542916634
8311,0.019656812817111135,0.027067924007817
8312,0.019980433260834006,0.02754784775878833
8313,0.02086503991586861,0.028339548991873683
8314,0.020614359304461666,0.029038824025936296
8315,0.020905681003402253,0.02905318842925405
8316,0.02050030720723934,0.029362443227965298
8317,0.020075332644531183,0.02908088933621181
8318,0.020102836053082204,0.02873552843150469
8319,0.019695717328376997,0.02891400073223093
8320,0.020708530372513644,0.029276996857593593
8321,0.020831173876780722,0.02882749929948953
8322,0.020511585597840328,0.0280753912972094
8323,0.01995887238084026,0.027381323123142516
8324,0.019611755554176415,0.027581519993168047
8325,0.02021900077871217,0.027964002433124868
8326,0.01932100481084893,0.027506027182805853
8327,0.019195925239136116,0.027055707323612052
8328,0.018448680086410194,0.02623590680425678
8329,0.019184448974820162,0.02585323608854705
8330,0.01909731625529799,0.026502265362809956
8331,0.01983026106942751,0.02742167166198627
8332,0.018989530918014697,0.027661548732702993
8333,0.019101724975616036,0.028596869644740133
8334,0.01946459676285279,0.02680800252657326
8335,0.015808616989664345,0.02432303996719186
8336,0.018953194074074,0.0214583444444444
